0,0.9394107848211438,0.3480129794405009
1,0.26943821819883496,4.272367989355134
1,-3.2710800342239366,1.8727611815994476
1,-0.9744907297943709,4.191905473386017
1,0.974091615898666,3.8949363359325253
0,-0.22969203489166026,0.7814925799894571
1,-1.002792678474917,2.1678382671911356
0,-1.6347090043618995,0.5378563506692766
1,0.287412035937495,3.1621640529760784
1,1.012452943395783,2.9829160501013026
0,0.061944670155219816,1.373282048410081
1,-2.2338515750572503,2.751023149783628
0,-2.9736019513545653,0.6970164466207236
1,0.8373863987983383,5.98600834353306
0,-1.1123476386831255,1.6520566038269318
1,0.22095885458058526,4.181974435728596
1,2.4403727628199494,5.738481434141184
0,0.7475137646982751,1.1085235177726924
1,1.7145525730767133,3.982790699479174
0,0.8209335574963474,0.8053050784458902
0,-1.6495926915584869,0.5531742089928402
0,0.6755659483722537,0.9863990501471991
0,-1.566474074613509,0.7547475174924966
1,-0.10436521777921638,5.700515971509667
1,-3.8025819560529732,3.2407886072770493
1,-1.2159751865642194,2.9027637091277216
0,2.622559209175293,0.8479481010557172
1,-0.033411533904370884,2.6185965612433755
0,2.206938535482406,2.273853433812973
1,-0.40598907678293467,4.2203520675886415
0,0.03071084177606924,0.6284594668687246
0,0.18581869927654696,0.786856290887056
0,1.0180708212801362,1.0036527886753714
0,0.8013484447418412,0.914121483020389
0,2.282809825428582,0.40084572957387954
1,1.107853506326547,3.1515332067315365
0,1.9735929091772506,0.8642409289184911
1,1.317811139510495,3.694263418950021
0,0.5339854677490877,1.0039704778533103
1,4.238586228323402,7.508484240583082
0,0.9434758949758988,0.8499327346501606
1,-0.7994368768482126,5.627277551609616
1,1.135104490789612,3.7667583444493906
0,-0.5894699650652269,0.9138140840303046
0,0.3698840941863052,1.0994677561726927
0,-2.0994324819064643,0.6705102965920948
1,0.7591980211138081,6.440478380052781
1,-2.4925488715755,3.7139696748915996
0,-0.5979015015706247,1.6346656123765686
0,-1.0373728889256735,1.0298050794444658
0,-0.6491688994678856,0.9185653188462182
0,-1.1933949505498391,1.2584532292717339
1,0.3642367587450091,5.710220248665478
0,-0.34736923771227507,1.008572876364951
1,-0.7766249774182956,3.5336555635398725
0,-2.320509347947144,1.1493233887846432
0,-0.10815599743945459,1.0322914133063592
0,-2.37674600105962,1.0194577947388563
0,-0.3008178222716777,1.1363337404646339
1,-0.9198666866570734,4.218627826972484
0,0.05150180449410473,0.31309771501262407
1,0.20840358295824687,4.298733314805844
1,-0.2043341870695752,2.6335194220613767
0,-1.3754810271375015,0.6251847251485633
0,-1.8085373197041386,0.9502771027927743
1,2.5491715802160484,4.307145912384142
1,-1.336319011757038,3.4430143119368166
0,2.904863084945239,1.6887208551396093
1,-1.310171920037701,3.517339570421578
0,-0.829241970270973,1.2006678286596697
1,0.33100825653710503,4.4632589365096464
1,0.0918395462555557,3.3915854283762976
1,1.5756016102304777,4.416791241130397
1,0.07182180814242844,4.4368836304252595
1,0.3063009627402411,4.6455638739893335
1,-2.215196856116743,3.139847731298067
1,0.8590007275961288,4.738001863352315
1,1.6460115098216082,7.314180886118335
1,1.1519916459015271,4.3604642571446695
0,-1.689028237612371,0.7779373046491358
1,-0.06526901121945505,2.428825157966595
1,-1.4524399115695799,3.1810608985458364
0,-1.3359293671601695,0.9636385494352451
0,-0.06073655367721682,1.7226732197732815
0,1.725454394787414,1.6384801273897573
1,0.3578073360781544,3.8045687576942866
1,-1.53296661479621,2.9426875911119255
0,0.5332620535622664,0.4356863002846537
0,-1.5119770695866501,1.2375663138508575
0,-3.6513446089017996,0.31828070811252673
1,1.416295528494731,5.1844444647978065
1,0.3257753296777161,4.930278217583658
1,1.7769260785718985,5.720422932017228
0,0.6733350760135807,1.3224506500471465
0,1.7357882748848792,1.5553677711045975
1,0.13503615500514218,2.196939890673975
0,1.6485888795143302,1.1921124808472179
0,0.1614586911227059,1.2130709937701603
1,0.33646680848894406,4.013060825632065
0,-0.9522641109935849,1.2007757790550606
1,-1.4204552222068694,1.8633500641989031
0,-2.159456939666178,0.34952335652996114
0,0.595400331045629,0.18554103603575434
0,-1.432342623694919,0.37228401620442253
0,-1.4963210384932102,-0.12316232542282868
1,-0.16116224968774953,4.103976177169571
0,-2.137393672869209,1.2995267801467785
1,2.3100658872869695,5.892239665531783
1,-1.864624169366941,3.7553317059676616
0,0.1400678586225875,0.005248519754985637
1,1.1602913716269436,4.890463034075321
0,0.34929639544256086,1.4239256858928506
0,-2.2442278951861914,1.025748985115702
1,3.4629191549321314,4.321142385610918
1,3.456555498817513,5.618828890379404
0,0.06685843917947115,1.3206264922356659
1,-2.3380139698867914,3.614537627631215
0,-1.1411010842813822,1.0809916350304822
0,1.2125409257548292,0.8826737716922077
1,-2.3550991994737607,4.77685676585698
1,0.7644678041309497,5.054889483259375
0,1.1112964104684462,0.8648214153306415
0,-3.2360445238359623,0.6155075173643171
1,-1.49745911601542,3.202501369294329
1,1.8505192842326514,5.790843001054088
1,1.8922518764052123,3.534949684347497
0,0.30679377397001345,0.7666263223074417
1,-2.2701525624599346,3.9829253694452866
1,1.6006107509945544,5.642148841059736
0,1.4944961755016115,1.262423569094949
0,-2.0722942858956017,0.5304364259731253
1,0.25707110582514925,3.8486050937402556
1,-0.13894619100545577,3.07003419514359
1,-1.3805633915682891,3.2281029898911213
0,0.5916764421956303,0.5872414360497653
0,1.819954398007834,1.3417669655424116
1,0.696310663730013,5.364116217294759
0,-0.40082134746679,1.0584680610088035
1,-2.6483490864402763,2.0008167391498817
1,-0.5792407807486536,3.91190796667417
1,2.220610298223246,3.7101513526427485
0,1.214309264167006,1.2185798832898616
0,2.4452537736885547,1.5059728416785607
1,1.2562454327774308,5.771672665647097
1,0.8498826865185626,3.2986458526587654
1,0.5545384171112041,4.319549293236834
1,0.9135330094759558,4.693304538154006
1,0.38313946262748844,2.8170376860315276
0,-0.9464739434688826,0.8815391212468127
1,-1.2414915254604029,5.395368065778247
0,0.07347736538493177,0.5249329089609033
1,-0.24134845706336763,5.061458512073967
0,0.5843416012556286,0.9577598580634472
1,0.18135004217734263,3.0148735386251415
0,-0.12914655356388613,1.0231251798486696
0,-0.17678875405647348,0.33596991344891325
0,1.063107947374252,0.9504282979817633
0,2.8161663125950884,0.8931266161962226
1,-0.9547922100257136,3.76399308759979
0,2.1787180141911278,0.9754976070669893
0,-0.24153974962457866,1.599704432115706
0,0.8714602782936957,0.1620920727225882
1,-0.6517597654111564,2.7526868652206367
0,1.1483748652286947,0.7646731841863273
1,1.4214603297069928,4.542023509821485
0,-2.1872901710326516,0.7122455811187243
0,-0.44783317559737906,0.7813340024160175
0,-0.5976370756933364,0.5109246529472165
1,-1.0508264642577338,4.259213023577766
0,-0.6151159459724047,0.6525700476401132
1,-2.148296118732262,3.4028465972555404
1,0.46071429448787415,5.165726963452029
1,-1.5262765949235546,4.513281968980035
1,0.7993449434757328,4.249994432019798
0,-0.9495526920777189,0.7458301505735307
0,0.38784189182680306,0.14789664889346643
0,-0.9394200675186215,0.8033235654052112
0,0.027765573583914075,1.154291554078251
0,-4.426704891998972,1.1884318581161661
1,-0.692413071236815,4.345897496452786
1,-2.272948647102887,3.7835943399660783
0,2.260176668492253,1.0301661310479935
1,2.068831810697547,4.749658058425656
0,-1.1036847878477178,1.081775883329898
0,0.4137950565280044,0.6877722686154764
0,1.703089520334009,1.4600280151686402
1,-1.1187791933585227,1.5820505241708167
0,-0.48559111155942164,0.9834594927360626
0,0.2809477539035459,1.5373186318426526
1,0.4808206204582004,3.693224348421308
0,2.6666749104081426,1.2806690126815599
0,-0.31894150823473294,2.0323143271878874
1,1.263383386717069,3.772385193515686
1,-0.4178149403190246,2.9444396833611286
0,-1.245428434867258,1.103476685462454
0,0.49646513615287136,0.930363615440138
0,0.6588412303852502,1.4549459629109793
1,0.1300344259370668,4.440383845404281
1,-0.17630668706510763,4.675011733652224
1,0.10263857935653807,6.008824394909723
1,-1.1321576195346426,4.415758364663607
1,2.5045289758482894,4.599600796954338
0,-0.5226758346924323,0.2747761342602697
0,0.1837238984212239,0.9717542870561996
1,0.9327501490183613,3.7032046273224775
1,-0.29930668455960113,5.757080650019966
0,-1.2162586389018026,1.2849667258017052
0,-0.3880620747631251,1.7054505533675304
0,0.8402144499047165,1.4344547684593887
0,0.6540868476962264,1.3563964860491216
1,-1.0345127795424416,4.1779986741759805
0,-0.8835297613247151,0.7097798767590069
0,0.6261218458390956,0.4048049348643853
1,-1.8964992369896374,3.3104254643212365
0,-0.27863514680283596,0.7201362421931078
1,-1.7154314052055262,2.1281283789498993
1,0.5546275060517117,4.6333038011899
1,-0.360449083585621,5.202891469337669
1,-3.283253389981791,2.543051037585018
0,-0.505897702914604,1.1330851173040632
0,-0.18326548439737458,1.5209896488278039
1,2.1629182925039925,4.811432172586671
0,1.489751788498184,0.5904637132243329
1,1.5007801878732465,5.022863113746694
0,-0.003644882054419261,1.2823082372916512
0,-1.0236130207234624,1.3348774608810063
0,0.9643210245472577,1.0165023424411952
1,-1.6561278458595858,5.7625187837625145
0,-1.7337319657009107,0.8227381898024024
0,-0.03538769281827296,0.6508219113307147
1,0.8472043232340317,4.474080744690662
1,-1.3276620257772422,4.1602812314343804
0,-0.23361054298826825,1.612620216978336
1,0.6323805518757948,3.454369409862734
1,0.17376510973758008,2.8680510051926444
0,-0.12142235357669055,1.3546009366955665
1,-0.49493842788253606,3.1120391173646134
0,-0.9882649626363346,1.0711095817852343
0,-0.8303795364229093,1.1401938789796218
0,0.281683042681945,1.1747023715750438
0,-0.11532154945627354,0.7462416185858788
0,1.4142892349151985,1.284228498176621
0,-1.7815745938114076,1.1260882199201423
0,1.4003235733821473,0.6351649492525486
0,1.896004531643695,1.9094473361641722
1,-0.41437234136029116,2.2206936714534495
1,1.2500012612216902,5.540394028885886
1,0.7876177453483327,6.627859121250242
0,-0.09514861829511549,0.9590900124558147
1,2.401467644711442,3.0578880950028693
1,0.4603071348059447,4.761694791534014
0,1.6835006209702257,0.9226301545103363
0,2.6731395276229644,1.4826975872185932
0,0.9850594579740791,1.419221709839102
1,-1.899835484007554,4.466843813407057
1,0.10811559857656057,3.071739638225061
1,1.3000842988931736,4.560409734791447
1,-0.839753990704147,4.708400857023859
0,0.09447424692520458,1.415102189185643
1,1.0847856474307056,4.794128728740224
0,-0.5275904800313048,1.7852562792733508
0,3.8077000639107834,1.3311688659004068
0,1.2878359411652522,0.9392424446191834
0,-0.5982159899000248,0.8923546592435996
0,-3.951612674898843,0.5878316176450649
1,-0.9573583395323163,4.6017017480095985
1,1.9837217894996304,4.211583980608973
1,-2.719374549391627,3.3856064966801425
1,0.1532909626122434,3.478297028291349
1,-0.31321013953725424,4.052266293712772
1,-1.0069356708900445,3.755193700155528
0,-1.377729615647979,0.5256166542303761
0,-0.3244151099867527,0.35823934436555727
0,0.32708978302718084,1.2790930697602636
0,-0.2723668655959365,1.3011242731055506
0,1.4511936590191679,1.2923310899911549
0,0.10159182291368012,1.2385053500558059
1,-1.1245740213484337,4.169492143608147
0,0.47204037898345136,1.442635984509
0,-0.5443232510536902,1.0964713350491413
0,3.3499753504678558,1.4996713791160317
1,1.2230495963491697,4.837455725820114
0,1.684512995816835,1.4868208846819853
1,-3.236800309870117,2.224759620912824
0,3.046733412689626,2.077393833060122
1,-0.9761019541015952,5.835872063001595
0,0.9126514481745657,1.0264876296668035
1,3.0121240898166595,4.249763349719289
1,1.2592386677383833,4.899492514970978
0,-1.1018341008256871,1.7900629599222875
0,-2.72670855088573,0.470986037489172
1,0.20138563131682582,4.3860915791497845
0,-0.7657114602909728,1.0112822553129022
1,0.9752579535417788,3.500775954219373
0,-1.416903108663892,1.225882725007934
1,-0.8910099350761518,2.6872382270567896
0,0.6493247557496417,1.3505800271433763
1,-1.4928289983200134,2.2802007873963976
1,-4.426076637134783,3.704108930019109
0,-0.6532043767218055,0.8056502687401633
1,-0.2415508402359741,3.2095195906312175
1,-0.5285989302480647,5.130496795789682
1,0.18204571696471566,5.365133992592357
0,0.7309588019947785,0.6392107296216212
1,0.519123281371056,2.4461558027487964
1,-0.1040956740404296,4.824032708885033
1,1.1717317499907154,5.938818770262858
1,-2.5026130597224086,1.9465710004706862
0,-0.19724961902893182,1.1423592315834203
1,-0.7136985412160086,4.353263654600628
0,1.301980468981984,1.4130555046210787
0,1.609074090594592,1.0823818390765945
1,-0.8201885096698124,4.486613225614708
0,1.1587496588368824,0.9332396247496427
1,-1.4105694655534058,2.4863501217098976
1,-1.3089573967726584,3.1603393009690617
1,-0.7252002657627518,4.594307468206916
1,-1.0821577063155938,4.447130629099997
1,-0.41011589569123147,2.8623883897054454
1,2.016066483179293,5.928453745637275
0,0.33086114570821085,1.1101927076140097
0,1.4165206885281727,1.3943203063235747
0,-1.2630888568882621,0.8038596391044579
0,-1.5709955635609316,0.4076127509154017
0,0.8047731236442556,1.2549202618981823
0,0.9399284389107989,1.563950866921584
1,-1.2934812849566684,4.753874788710992
1,1.0707662137355456,5.412834964248997
0,-0.5396428817574185,0.867382535744069
0,0.21580393246902674,1.3094234649248784
1,1.652118045780299,5.253464515313033
1,-0.31020324718430037,4.5291032047485436
1,0.3705521468790897,5.446310168634566
0,-1.3772812454352186,0.5803583705030375
0,-2.85507593620086,1.519137467094288
1,0.7842880922728065,3.7048957663745883
1,-1.0094212610097042,4.355627023331772
1,-1.6137354661469512,4.297895723354325
1,-0.5273832682850066,4.225000005909289
0,0.3662586679924886,1.2801660370334624
1,2.0726952753656995,5.8047773847102295
0,1.7739061163284517,0.6892502968111556
1,2.0944106090829377,3.660475433106695
0,1.1028368040124112,0.7571967293120496
0,-2.01185681085585,1.273501272224797
1,-0.5890287030414298,4.497986625284596
1,-0.3428988253104605,3.6518924282280296
1,2.8212179804411437,5.182799835421226
1,0.2970418513003176,3.950107751330154
0,-0.37217491631207433,0.12787238408765078
0,-0.24153694221616304,1.3640127053613709
1,-0.16475427027168704,2.393788616811343
1,0.23789301785898215,4.66396236666009
0,0.18500668964744307,0.14461730464978462
0,-1.757870662370122,1.035630734573963
0,2.1239987099934745,1.2939092711044213
0,1.8578415413907887,1.0427194845045913
0,-0.9362125239429153,1.0793245887066807
0,0.3551706744729753,1.1642957041557487
1,-0.774142893625096,3.02069237193726
1,0.44186965847632903,4.6996821898370476
1,-2.2004196539483685,4.426152675618415
1,-1.5242656013969815,4.262362953567991
1,-1.215837881818994,2.1375047834865417
0,-1.012534198066241,0.7843363070184871
1,-1.2494184037662686,3.4968844137226576
0,-1.0745771374883253,0.4935961997478385
0,-0.1910981931497129,0.5350516467415346
0,1.2697952627979643,0.2748465545962375
0,-0.05352036771536648,1.313345710381152
1,-0.355893333902254,4.997445963287783
0,-0.7666566246572852,0.975298871294426
0,-0.3057781850301644,1.0634296790569344
0,-0.7573281574176934,0.9669507941368477
0,2.3574313075226034,0.8430017415894323
1,0.23260619676146774,4.981667831421556
1,-1.9676389530856608,3.0199065464466552
0,-0.5875588297443153,0.8423425378557394
0,0.6120785728106709,1.351552455238345
1,0.4504285946827877,4.468850944562463
1,0.6238759159370777,4.1162497988874565
0,-0.510945499248156,1.1205453628974509
0,-0.06764666028999701,1.5262136243296653
1,-0.7462606082995489,3.643537162490421
0,1.2168212046091262,0.22488313639126933
1,1.0944425743176982,5.127552028357655
1,-1.8389359981255662,2.782082677478525
1,1.906612671594507,6.1917097489881545
1,0.5267315366543305,5.411968399719443
0,0.3158479789966115,1.2010266308356468
1,2.0863669979276662,4.312970022606074
0,0.7495256644485402,0.9728705243865009
1,0.22923393219399688,3.738927972537815
1,0.38050910989492825,4.775646277415311
0,0.15727664466382973,0.9198000923648605
0,0.5560454836289921,1.3443291574955487
0,1.658256119187771,1.0938492469217218
1,2.2245497956807525,4.076006455200359
1,0.16042559088442604,3.5299041116313985
0,-2.5635621324188347,1.990078693412395
1,0.7739348287325818,3.694824852098357
0,0.789882932948137,0.7942592816947996
0,0.579548974000004,1.1380089636222068
1,-0.1732074503947462,4.226778547344837
1,-0.8839799882804197,3.1354086774201235
1,0.07732584081104235,2.8583555986378872
1,0.858603181705588,3.567820716262367
0,-1.209379244938147,1.8415278560553683
1,0.5726078258484459,2.9175810048973947
1,0.9151446373832676,5.10998266078939
0,-0.18925361933028406,1.1159902988015407
0,2.9671201322993705,1.7266518246812281
0,1.1541226368544315,1.2902589764697534
1,0.7208514543409479,5.806398286269886
0,-0.9527528179547899,0.6059198413919761
1,-0.9896684821913222,3.712689052991789
1,-2.482941369049343,3.283491652194753
0,-0.8796084837140739,1.0748147294964707
0,2.0614872344108157,1.7436636698955104
1,2.085027690953344,5.672353354758039
1,4.082400737001112,5.39248086418799
1,-1.0391486407407942,2.2718838000045993
0,-0.22158787997047621,1.0577624235458494
0,-3.3376570441457134,0.33427623218957847
0,-0.6555642811317486,0.7710414368757048
1,-0.12311467152071748,3.092137408237275
0,0.3792249670308457,1.0977831756196579
1,-0.04318264382902768,4.521875875680464
0,-1.4393845956402929,0.8102799110414239
0,0.42336217168914136,0.6819799714631529
1,2.706534248052236,6.140645669900653
0,0.4177098895198066,0.9516613650407549
0,0.5884378786528751,1.1749281590049137
1,0.17029101397144783,4.184045937014729
1,-2.6107541176842677,1.986760949815682
0,-0.4938131297328913,0.7135325223894051
0,0.60854944426766,0.3531524245761226
0,1.2317292192920248,0.3265368352741096
1,-0.2758578868260737,5.2021761673575515
1,0.5943517591713317,3.65077861258025
0,-0.7187884583859057,1.1829053277890942
1,-0.7117457201273641,5.376083848433069
1,-4.335005230525865,0.709624729426138
0,0.628934420866653,0.9370162349776201
1,0.7910604364582613,3.95757503099464
0,1.5348141862919202,0.7738526682285841
1,-0.8008720923145887,2.1289808153017207
0,0.8365211710153827,0.7984128760930136
0,1.9323979451140847,0.6455165935932687
0,0.45621830670091673,1.255810843800579
0,-0.6560868714535597,0.7766911577716253
1,0.5428898435518803,5.932552011563421
1,0.2833055885290925,4.589447873700639
0,1.3883581556800257,1.1979318631692648
0,1.534976784060436,1.340719928198123
1,1.0930495162588518,4.133763660600929
1,-0.8011520520039742,3.8968796436951028
1,1.2581632412047599,5.094960633616206
1,2.0838024843202376,4.846100345621799
1,0.264154997435612,5.478030910080113
1,0.40727828651116893,4.968360960156204
0,-0.018334785522931697,0.9633505599566186
0,-0.3199644065062732,1.1674818758239578
1,-1.2463565592548835,4.4372542926835825
0,0.48180257694940776,2.0716903803444593
0,-0.6860437836153369,1.1658301009206267
0,0.6713697167552852,0.5842038655727275
0,-1.0408482364970115,1.1983955809075437
0,-1.5420742363307243,1.0804630116074678
1,0.6100799127465923,4.597774102661189
1,-1.0752767142730575,3.851227739896981
1,0.25303408659887583,5.087919548233078
1,2.310641333394209,4.37955156043677
1,-2.6722461248372276,3.644957347173007
0,1.5312257537111815,0.7734911972271191
1,-1.5047738106742947,4.065996175403506
1,-0.7641607158963005,4.103576564863532
0,0.7564980039380885,1.8824203088565619
1,3.7617794295980764,7.416273016422879
0,0.840725864419547,1.0235336842275653
1,0.522839424095652,4.663360516345573
1,0.643697182661529,3.408461885087761
0,0.4424947124822224,1.2989004819591246
0,0.5588239716505163,1.860676382477834
1,-0.1331673524316969,2.491052196582088
1,-1.6198099334597795,2.1790764777146707
1,-1.3594520664450789,2.701571644535254
0,2.7794748569311265,1.9319228536790314
1,0.9619957108616071,6.3133704383639255
1,0.4933587778566132,4.94754890372572
0,-0.11864425729188699,0.4509230573954005
1,1.4411981742829818,6.051003755782011
1,-1.8178759735511283,3.4472411688498723
0,-1.091243627594597,0.44083191755336804
0,-0.8505664146841085,1.0738492060026135
0,0.816557596429903,1.207923906067557
0,0.5230107484966425,1.2143878712711162
1,0.2920891461010366,4.319642377921859
1,-1.3385655542684747,2.074929935501596
1,0.6927668608046287,4.67892176264342
0,-0.6307811367725239,0.6654295361206621
1,3.628665440501352,6.621500050807452
0,-0.5675798811429387,1.2277121245184952
1,0.1304383068732286,4.243183568079796
0,-0.34961457092030973,0.5204639674476866
0,1.5301489154338217,1.9566687682308448
0,-0.3079503060376074,0.609532567512534
0,-2.141053764722886,0.6699921850759722
0,0.10671409905539497,1.2936481344661521
0,-1.0055393382305884,1.1830393520902278
1,0.7328620842875793,4.595769703167156
1,2.362842045396182,4.922726159139146
0,0.4504817848968896,0.3342852651792221
1,-2.1713482624409326,3.479415206722088
1,-0.34539030489273265,5.375920825978895
1,0.7612776700388116,5.485798802588248
1,-2.2644432313358553,2.2660040143573386
1,1.9933727194652382,4.711033157284769
0,-0.7598426780866746,0.7264040081544835
0,-0.562380388533969,1.0201040114044084
0,1.2575322138051104,1.1207617525531628
1,0.16470636669011254,2.8597855484007653
1,-1.6617930960834788,2.507183643865851
0,-1.930632486393391,0.8830683306151527
1,-1.9943476228566326,3.9949480862222284
0,-0.816292681081032,0.7140263715630193
1,-0.778060404006448,3.6110173429518317
1,0.37578047692614075,3.579886372544737
0,-2.2902083041766876,1.6214886048807857
0,0.06586022167994933,0.6751836070014821
0,-0.26363766108837333,0.8931303574376181
1,0.34840251962776253,2.350203024782842
0,-0.5120612219236839,0.7267120603749619
0,-2.064718978862603,1.4767963221599225
1,-1.370998654239838,2.3118229111788207
1,-1.345044241479588,3.509010066831819
0,0.4309380398173116,1.2842190457864195
1,0.8750413669118657,5.14057024865208
0,1.493942337868249,1.3534059935502813
0,0.7330389272511828,0.9639847430734643
0,1.4065713420409738,1.0825113980643306
1,0.676893214496299,3.0686375993297386
1,-1.6083491736004263,4.342568823475967
1,-0.06079734263276538,3.9713811157624006
1,-0.6691535717945919,3.2540348873914873
1,-1.442359714789986,1.5006030485966662
1,-0.12295092213140422,2.81361719536819
1,-0.16871017043439163,4.006982334164117
0,0.15213435140967912,1.2916552469942937
1,2.4034541735759327,5.518010682629083
0,1.7245172094590222,0.3525027748870905
1,0.5136101220796994,3.3066726339076578
1,0.21597238693167323,4.668463846555958
0,0.1900058719687194,1.0645029944227273
0,-0.746747397096939,1.3913976172214089
1,0.9642210651080144,4.167327228430809
0,-1.7997849915645603,0.7177467736385725
1,1.9367449835579629,5.43811340397089
0,-1.360528060464011,0.964924730124938
1,-0.6857146694196113,3.7701000325408733
1,0.7292873713776383,4.548097249270516
0,-0.005210442477720894,0.7715225349983861
1,0.27955466361109405,4.398992663936932
1,0.33893793640337194,4.768358041406501
0,0.10399431194940494,1.5881982813416125
1,-2.268781995322882,1.1435853998832077
0,-0.35806407960199244,0.9217282692795964
1,0.2955318358332572,5.172098616258683
0,-0.3301468891289175,0.7053272152545484
1,-0.038197617757889483,3.538453477630069
1,-0.7298131287396878,4.159212400914518
0,2.3929193005417186,0.36608490180048225
1,0.5487536579408719,3.7693395073536253
0,-2.8017636833110258,0.5120284304664247
0,-0.609293511261237,1.7143226013755166
1,-1.4882731346769278,3.921960971884542
0,3.920258940540454,0.3500095824510827
0,-2.5744370884374073,0.8492965899350219
1,0.8546453658902045,3.662094323769975
0,-0.24917278174546184,0.622509000200951
0,-1.4762146895532269,0.833059714448346
0,-1.5172641763625139,1.00028856062125
0,-0.5818613081693861,1.0407810362512535
0,0.02186592547450807,1.399661038211652
0,0.585731547224779,1.170161841962278
0,0.6671930418403217,1.2485755570178556
0,-0.05511471987761724,1.0720417431340108
0,-2.1304538246723452,1.0819024793492502
1,1.6264054218315729,3.805831345132958
1,0.6940990064224583,4.867252854744008
0,0.2764545563474301,0.8490470090276327
0,0.26183812436133813,0.12714878672326613
0,-1.6305084321688303,0.6104484048929737
0,-0.6250156660505715,0.5723319266385433
0,0.4912374202979058,0.581175238985677
1,2.4001426276806646,4.550519000436102
0,0.8293486902368734,0.6920032508386041
0,0.6874173008824833,0.5107815011947194
0,2.6421338908767886,1.5433764306389062
0,0.546654590688287,1.0028271059648322
0,-0.831147265056168,1.2283836176168341
1,-0.42062679035400485,2.8357979369746964
1,-1.292020962609159,4.0250713775303035
0,-0.15332137674884785,0.6572257794613832
1,-0.676395550212084,3.6861399579365117
0,-0.9629333951565728,0.6910536971873353
1,-1.3815131432408545,5.256955444058907
0,0.21701886812490023,0.6788798461787353
1,-2.0569114065692586,3.4222048410739707
1,-1.0067844288530274,3.9663314624883466
0,-0.1812881222104491,1.6268580176767258
1,1.1372971728324632,6.193148794939619
0,-0.17491104941732546,1.0750100730446028
0,-0.2853619786703091,0.6920477729044293
1,0.15123943932112432,1.7535857107787685
1,-1.0063442231984328,3.3831264415619624
1,-1.01493129350351,4.657166674782591
0,0.027644231790060994,0.691916328907995
1,-2.5509763296697883,2.315039719928348
0,-1.7761985734463455,0.9012106367311418
0,1.7010019305392485,0.515231260391168
1,-1.8585093584057049,2.0573335326708424
1,-1.3081232249422337,4.231988156154209
1,1.327716164313576,4.4023767784203445
1,-1.0507424319976642,3.220018812149459
0,0.6812637819177007,0.8378530869671725
0,3.520632651785424,0.9183427879410684
1,-0.6362058872089347,1.667842494684518
1,1.6601592373158913,4.021767602813261
1,3.6894038809082823,5.730166498484297
1,-0.9270474258127348,2.076913546219312
0,0.2538966115434326,1.5212238251082726
0,0.45176247023408234,1.4089857520444018
1,1.136772642981361,5.31779858240458
1,0.14527939272549548,3.9195932843935655
0,-0.39349680327746933,0.8913688022973175
0,3.2510050369814576,1.876971071114052
0,1.1732069884381855,0.5962796977056968
1,2.3012239189642774,4.087725429939709
0,0.4872283652876581,0.39180091299271036
0,0.7781470017713021,0.9666515765473651
1,-2.645784344575747,3.070260942626276
1,3.1973983087119278,6.01914296978013
1,-1.5247567895509326,3.2048498473880764
0,0.01205970089717092,1.0281962734711199
1,-1.0028146638748052,5.185264777247095
1,0.5987069243181322,3.511065619502955
1,0.5285597496054981,3.964451081042795
1,0.5759901146869918,4.601076333224064
0,1.5646082021805674,1.0954929890134073
0,-0.4240134027925397,0.8852814389819802
1,1.7805236965432962,4.500469920300213
0,0.7312151014809498,1.5267616936919017
1,1.6508774076495198,4.459133399324094
0,-0.6693175480247812,0.9271767198474542
0,-0.7233613906802312,1.2803226817312714
0,3.3736843664911356,1.188329817822023
0,-0.902405637365396,0.9312347434643987
0,-0.8737763308681512,0.8611994325333489
0,0.4578538393197084,1.6558037533113807
1,2.0877638859172256,6.570214129508161
0,-0.6113832382644057,0.7064619235349159
0,0.21446547270595723,1.0021079504300416
0,0.979304936553116,0.8755775996228751
1,1.7426303541064905,4.349907506476087
1,-1.7873746832953852,3.812034087428317
1,-1.1264588718252015,2.2319346213255002
0,1.1454324475879267,0.7166956045537154
1,0.005437148349454839,3.999823709023833
1,-2.1619981535670907,2.582791172524562
1,-0.11985408927100584,3.6055108210011504
0,-1.1451573167990383,1.3742030564001628
1,1.1401530443314176,4.331447646816681
1,-0.201193951516373,5.340547953246394
1,2.297830656813186,6.821672131935098
1,-3.1241209398471184,3.477346030909984
1,0.15709031408956148,3.522388185103128
1,0.5850760744717531,3.0707785043221296
0,-1.6820671111303307,0.5157239093288146
1,2.217914956330621,4.974811518431199
1,-0.514269513653456,4.1503626258840285
0,-0.38441413121121376,1.5364581120391987
0,-0.40495570579382156,1.211306753128059
1,-0.6149456350102749,3.8081732084481232
1,1.7115908354506961,5.942803274509886
0,2.0269602365578296,1.5855153003317461
0,-0.7777156377554708,0.9084966321604889
0,-0.6658934671771818,1.140576743598268
0,0.4731412479032508,1.0329104300247531
0,-1.9805728173574295,1.0420446932657728
0,0.23181483881031922,0.9854137691514332
1,0.5790244054452297,4.848824507358986
1,2.1379248515368254,4.306890706303855
1,-2.5311796962916677,2.826651410611225
1,-1.5612829291433727,3.024972677354272
0,-0.7667540791362485,1.162835487534633
0,0.8598113877550891,0.7748397804637224
1,0.17655244765639894,4.615603564825026
0,-0.27493695932333434,1.3479818579680274
1,1.6920519810677954,5.93860879119492
1,-0.045775595450072544,2.287761478977494
0,2.039745647374776,1.3302594641455716
1,-0.4921830375773676,5.015378187421742
0,-0.36754925932971577,0.8662092505858299
0,-1.3818636382545748,0.1519782696708608
0,-0.16520477144277954,0.6842714439979274
1,0.18928672975411628,3.538339731743773
0,-1.902914283595045,0.8544601495039648
1,-0.998306288490402,3.966400911256487
0,-1.4626059770327238,0.6513767129201524
1,-1.0668243491492475,3.6635213201262284
0,0.4716761107368559,0.8685847285120731
0,-1.68770553875805,0.29069386706314737
1,-4.811458412056295,2.2505877045785883
0,-1.3860385009502216,1.053449560667557
0,-1.2945938647849193,1.9645805149699624
0,-1.3867586820829754,0.6438890626584357
0,2.1135555046485144,0.9850737901098309
0,-0.34519036132313985,1.5833353082020776
1,-0.9108040971661073,3.210743442484047
1,-2.6531384394635724,3.804292740000304
0,-2.2981710812049116,0.9831906882102925
0,-0.6838758575291435,1.4028414861390068
1,-1.0988553886117494,4.347036208875958
0,0.41349102967562384,1.2952702001758287
1,2.021394750805611,4.087269293339492
1,1.4577837327035874,3.2017035842627113
1,-0.16265597371948776,3.938704529839473
0,-0.28092081511331934,0.9426514819295941
1,-1.0654714336484912,4.410092010185425
0,-0.5493883596470704,0.9361072792244093
0,-2.0723364028158944,1.324985685344282
1,-0.9223384610490792,3.506254245802525
0,-1.5094625085065274,0.38950744839976403
0,-1.0621232405053116,1.3505728229508267
1,-0.414212557419711,3.1609677312719833
0,0.762413853621243,1.2542799770342112
0,-1.7641255539527214,0.9706244754303979
1,-0.7825009137591445,2.378554425704902
1,2.391474879161621,4.6007944969135535
1,-2.369801877592953,1.2108566768301974
0,2.5795773131732194,1.2943216768366974
0,0.18127062679876405,1.5429992168459075
1,-4.637923202900104,1.7204096919066005
1,-0.5226214693597412,3.3663945093112893
0,1.5139401667190184,0.9582679750019101
1,-1.913951921500585,3.1879402192055446
0,-0.0755120030318407,1.8246731673561698
1,3.3130180522740442,6.424314897111131
0,-2.10501376166546,1.0595644990851936
1,0.8565538177149935,3.986103633954979
0,-0.3136536778799854,1.6024397598738531
1,0.03326417383285531,2.1720431069006763
1,-2.0496592625529355,3.7696820572433856
0,-0.7049548808346747,0.887605401215267
1,-0.9025321953364605,2.6462842228578523
0,0.20217809918694526,1.5247645538399612
1,-1.6231246486639366,4.561637693094612
1,-2.6483460440154434,3.643226636696626
0,4.04628672083717,2.4439142568826635
0,-1.0497889938648066,0.5849042970395236
1,-1.3864019110732757,1.030064181036824
0,-0.4153304737445241,0.7394775575233998
1,0.8764169526931579,2.715727240405518
1,-1.1773139724741901,4.819405202747339
0,0.28492416859555725,0.8575461753723924
1,-0.7134313973762906,4.2470209575046844
1,-1.2686814819641454,2.4245897924298214
1,1.2590728765185348,4.57681155094769
0,-0.7268207468773941,1.247854491267328
0,1.5434517050553835,1.5510929042567607
1,-0.7561037306606219,3.8848846259080343
0,-1.9719024021471327,0.8399784530249195
0,-1.7615614927275098,0.8179238526693678
0,0.5351991188820073,1.2325676815457867
1,0.4619608831367068,4.008440102768545
1,0.04126679264756167,4.873940158303271
0,1.0180183916846741,1.1682770032867893
0,-0.034191896940203324,0.17859330525461747
1,0.040136945029980886,3.562660063278622
1,0.5957413345149003,4.063196715715794
1,1.665529469128538,6.018341427684424
1,0.05330484486346592,3.9946715526873997
0,0.6579168478077501,0.15276585531518616
0,0.1899219764714475,1.1326955094987061
0,1.5452317166157532,1.5043740120329383
1,-0.44975571045470975,5.2999047743895344
1,0.6948987049901171,4.365802615170392
0,-3.710286458338252,0.19181879824569448
1,-0.9729687452060993,3.9505903464579504
0,-0.8111264970313447,1.1970383035274013
1,-2.0143867334743955,2.183172863300839
0,-1.203260670415795,1.12258530808897
1,0.9214045217232615,4.911401470649014
1,-0.5290226194202158,2.546490840688504
1,1.4710554191150325,3.8888311215066573
0,-0.24696117518156946,1.5558902935435106
0,-2.0089432985371944,0.27656733678300904
1,1.7354803368899008,5.822415156594733
0,-1.5141095336067034,1.1757686457303824
0,-0.4145183536536467,0.9149258658001301
1,0.9084889731122091,3.2562535805439077
0,-1.986344974294304,0.5821708320812236
0,0.6127831651476761,0.6044482138983527
1,-1.9070071816868908,3.8788387926090278
0,1.7969794224014117,1.784434843648285
1,0.04313986745833487,4.3524562530592075
0,0.767385878264565,1.599236109930551
1,-1.4028561459274913,4.3722999329859285
1,-0.5486666781989304,3.3361700652766886
0,-2.1871688149347475,0.5119248081672925
0,2.303544988771077,1.1227033130451003
1,2.238238682576194,4.067209716785551
0,0.6954218176627581,0.3576370105112441
0,-1.6554328110047967,0.9564508798684254
1,0.902480634378931,4.0290458024233144
0,0.71807408292893,0.8161938693986039
1,1.7199225282699193,5.394733942091952
0,1.3476187277146285,2.030683378071479
0,-0.8255462775457979,1.1400685680062959
0,0.3429844009315666,1.270249254616837
0,2.4782083224196505,1.0397777692398376
1,-0.33864351530050874,4.744157886807478
1,1.1015379690997278,4.517484889444037
0,-0.8788318096287199,0.38035988737623194
1,1.4392264083147766,5.246230502144749
0,-1.3786897492552166,0.6868087789987027
1,0.9015957682406232,5.420817214874425
1,0.45434246026414093,3.5935755697738476
0,2.134323418390179,1.3078198879760463
1,2.468337640235777,5.504659965291875
1,0.2170472104565799,3.2407855385246815
1,-0.15812530734986158,2.616601651871723
0,1.0638422337110438,1.0074587133873587
1,-0.29231554400110255,4.467852895325839
0,3.3526126624585886,1.4998193740325718
0,-0.6989134206055884,0.38763276910549527
1,1.067807892788555,5.898388218736891
1,1.3551082139808401,3.009134051107823
1,-1.2139204339094298,4.100789099801701
1,-1.32062458440075,2.196753327874521
1,1.1002636966212216,4.554969326838758
1,1.3770508275917528,5.658093995826887
1,2.357597682275055,6.132957279314375
1,-0.12040797701630711,5.16610087059641
1,0.5858520158502867,3.6906281079304475
0,-1.947837341591677,1.3778236546964915
0,-0.14100003324623978,0.9050600207475813
0,1.1558751469595279,1.3794266472461882
1,-1.0312638087997366,3.6821983590273475
1,-1.0491812657003985,4.246847665909531
1,1.1404572175580843,5.628444425289391
0,-0.6500967308178938,1.5945937152164171
0,-0.21392366821310116,1.3434317380801815
0,-0.36675271062108106,1.6846450421973038
0,-1.1713029497316314,0.48290984517328794
1,1.8008045436046944,3.764621727557455
1,1.5028389435252658,3.890205602978893
0,-2.099492009531153,1.4250865161900437
0,-0.7408255721966281,1.0894775373717605
0,0.6141095428627756,1.5217450689392087
1,0.6201120888835591,3.664882983034933
0,-0.7082720811168509,1.1201882628355675
1,-2.465946270894365,2.4510809887156837
1,-0.3166356191821135,2.457276786521382
0,0.03415094453810893,0.22689027930399397
1,-0.9741486685875974,4.065672257437071
1,-0.230618064521864,4.9740356535023755
0,-1.219265877316058,1.367361321690212
0,1.7842610602320925,1.6373236445812878
1,-0.7995806583574547,1.9927373808542241
0,-0.8962749541934477,0.6947841437205232
0,1.1520335672650546,0.974409886386616
0,-0.8025543791563717,0.7245340345248386
0,0.23223279851125758,1.2666879408819685
1,-1.6560259531746249,3.331928696250469
1,0.7019632645055911,3.3078903877938384
0,-0.48202141039865065,0.8976848974020062
0,-0.5823365102255263,0.688219455901221
0,0.7278767347697825,1.4007492186472317
1,0.6898683303632178,5.033201707190641
0,-1.4350899584755117,0.7475056644103149
1,0.5715835271544923,2.0669525047001196
0,-1.8375981472585272,0.8741082807072026
0,1.0522749735941093,0.9671379412345329
1,2.407505783905063,5.619311491143439
0,-0.0166822852675302,1.2321867693103918
1,-1.2305911941760845,3.000171215660229
1,-2.670901875780711,3.5175431265401076
1,-0.5962428635799191,4.540478482680425
0,0.6520531731105139,1.0084882575861627
1,0.00812535910119916,2.804822406188542
1,-2.8469223310641114,4.322954627033494
1,0.00826773066206521,4.05454201666327
1,0.7298867742420264,3.277454215437159
1,1.9319857886552785,4.70556012612985
0,3.302889287898523,0.6889835991941278
1,-0.4498866408043405,2.590934912509256
1,2.2496667005652524,4.97348790395053
1,0.37542442509395096,4.050230710158475
0,-1.627993482021237,0.664212058736243
0,-2.488028808238163,0.15621059363570833
0,2.5023120018705907,2.3998138370524487
1,0.3660418900283665,5.958617183517505
0,2.362366761586466,1.5782816908169832
0,2.9550990905119665,0.7258592197623588
1,0.6360236906815182,3.7507430374682795
1,1.3981054354427724,3.9235151956888266
0,-0.6477981339255443,1.0821756938500386
0,-1.53840828551752,-0.17828845244643698
0,1.0028230828345914,0.3670653035824454
1,-2.504449180360382,2.8831479328090905
0,-0.4663970643514097,-0.05660641914936693
1,-3.911762911780485,1.918325600084755
1,-0.8904495449111802,3.6459876659876476
1,-0.11753204612976602,4.676761918958928
1,-0.8070112039321266,3.207816816624276
0,-0.2588331753575255,1.4179176422959403
1,0.36588225898136245,2.2233993286279854
0,-0.9689681505912733,0.4784471383050959
0,-0.5063380108120633,0.9164248269249906
0,-1.0017070520168017,1.444113863454942
0,-0.11634523261678237,0.7916449707212174
0,-0.594156913924532,-0.22699912120105736
1,-0.2220968712444818,3.7399342983606334
1,1.9518852138143261,4.011158218050059
1,0.6444974462257098,5.149523180109448
1,-1.02471633900164,3.4423811786131435
1,-3.006138653673608,1.2050684853564402
1,-1.4165963627145395,3.5697208523133446
0,-0.654635910136139,1.3964125386979078
1,-0.9386109656730686,3.105344331577398
1,1.889535896677424,4.919885747709772
1,0.14553992421110523,3.658054029985122
1,0.9095455938438006,4.767418937598705
1,-0.0020591739595680163,5.590492488575823
0,-0.8429503576852062,0.5499199424064659
1,-3.4567258202037974,2.4017619938248806
1,-2.173615206677137,1.9700098519202935
0,-0.08374068754818158,0.6024693528546463
0,-1.869925032331991,0.13144449441427886
1,-0.9175694030792605,4.5431146984195845
1,-1.24252128650433,2.5593872200842718
1,-1.1572498797747433,2.439883057311383
1,-1.4235823777751697,3.7206843808093897
0,0.3506767803229104,1.1495599671210703
1,1.2570641487163932,4.9989711074456
0,1.025204851353488,1.4242677309587002
1,3.490916572182801,5.55386906209997
0,0.49197273263848473,1.0831048719143264
0,0.266974712331509,0.2153006324699911
1,-2.0897582517193194,2.418268048523382
0,-0.9027221002682173,1.6269060931603208
0,3.4900981301653133,1.5436718863348826
1,0.38193884645740417,3.71407781188669
0,1.4611229972812063,0.2315366715026771
0,-1.086324488825258,1.1894055389124658
0,0.04429858977917152,1.3388374043961024
0,1.172707172483455,1.103514027322407
1,0.4217471379604572,4.61049520173504
1,-2.2265193438737922,3.398885419339711
1,-1.2058772078327846,3.7189532262153
1,-0.3603338584089215,3.3301871261515172
1,0.7471385960817946,2.970477008792594
0,-2.1448261048119845,0.8683604760279029
0,0.11389062724051911,0.6705642947820895
0,-0.4030624119961932,1.4609748086842744
0,-0.4910459419349512,1.1752635439120083
1,-0.8435092671240462,3.394764314678128
1,0.9746573612820468,4.2073805266030995
0,1.2172792364467848,1.7503627233149683
0,-0.06458782993732624,0.9807275789023611
0,0.12497478043340539,0.8605326600280716
0,-0.6254770913833996,0.6470163118849666
0,1.9239050137513847,1.028493230586708
1,-1.9770997048650294,2.273472956242112
1,-0.23994430091708072,2.8819201472800273
0,-1.0177478984287414,0.9081942019351685
1,0.9638358198573288,4.378405943461502
0,-1.7791699605797988,0.7485781637633289
0,-0.7856565030053897,0.762855830334368
1,-0.7821352146688288,4.673635828814256
0,-0.6071100730564613,1.1217616061956044
1,1.83578996807252,4.6181761697709565
1,-0.822309714771144,3.13357757100855
1,-1.4038977215953263,2.288743369628451
0,2.112208152279118,2.325057623089668
1,0.5566309867843188,4.32888680654512
0,1.801055675240549,1.5002851338147742
0,1.6236184784322585,1.5011193366726099
0,-2.5228983874364843,1.381568527338816
1,-1.1969222807708912,3.6037060206862286
1,-2.7637788159357224,3.584523923573599
1,1.1001386153716903,5.716132351744303
0,-0.0006090787206724119,1.0032545273849653
0,0.23410117531156044,1.267239215767775
1,1.4048984430562872,4.692241118707804
1,-1.0459418127371154,2.5870294915559953
0,2.2406662030829962,0.6756856867608552
0,-0.508667144577406,1.0769188318681502
1,-1.8918164046828132,3.500771192860183
0,-1.6188045543018705,1.3810754108002936
0,2.148670801420059,1.058198636390976
1,1.6253645668322674,2.887309659225821
0,0.5278248757579679,0.6126705101025534
1,0.3846995159156407,4.063656724063343
0,-2.78612806921889,1.09111903907856
0,0.7033941698699606,1.2174780788046236
0,-0.08693776302232775,1.2327915354367445
1,2.6615437035941802,4.1716957299642345
0,0.07959189455045973,0.40827919455078765
0,-0.1050310093032497,1.4463830083941969
0,0.7096319536283866,0.4263156001436357
1,2.3787578587646645,5.002904412703487
0,-0.5461917892181862,0.7853486341048554
1,-1.468240322748489,2.477151573727384
1,-1.2431474690550306,2.851161829931339
0,1.8827221205048652,1.253193953376275
1,-3.197700707032455,2.7991776379656192
0,0.5642111226356352,1.1000429996312093
0,-1.6105895367814969,1.348771041888812
1,2.93029369492698,5.66070424724892
0,1.2298797051720332,1.607292436078994
0,-0.8456731542233298,0.8897856107288178
0,-1.1374851272898965,0.8947967720959111
1,-1.4485777138724536,3.0059457130875424
1,-0.04417266501818072,4.050495538099859
0,-1.2205556051787496,0.5069642363106632
1,-1.8027097821158737,2.504324524414289
0,0.7439146011257223,1.534812582609862
0,2.670855675487249,0.995717812822479
1,1.033909103793995,4.631753530836122
1,1.6384686436585274,6.05935884804469
0,-0.11836974319737846,0.8147970359497041
1,2.5199549960864704,5.133672544608928
0,-0.3733936670589688,-0.21498801511757426
0,1.0836299151011084,0.9248226781701591
0,-0.9757524360163207,1.3161567058692125
0,-0.5272116487380102,1.1483210521394838
0,-1.3734609634863846,0.6423646232017963
1,-0.6631422721237364,3.700126513989526
1,-3.0227798336588294,1.7903416902167515
1,1.5253749424440814,4.447310698413386
0,-0.734839940331263,1.768675656570606
0,0.06389975122646716,0.8877274723259215
1,1.001249072232473,4.697003820171606
0,-1.4842805054558026,0.34956249334311296
1,-1.289257843170609,2.0885192662689804
1,-0.16725860195409675,4.264041905029327
1,-1.243198191810204,3.8754137077409987
1,2.4976839136284203,3.779430684369537
0,-0.039318928517850855,0.3865537919713744
1,0.6603863242338334,3.674292048036465
0,0.563729716193772,1.0799750514485487
0,0.10023142389420613,1.1443938460326297
1,-1.9845810059277689,2.7275604533074747
1,1.5051689520350202,4.824169384414853
1,0.46311516370897005,5.588972900409896
1,0.2912470193290063,3.9852366910606887
1,-2.2603842261906655,1.5838523669794338
1,0.2388399813963453,3.709254872495926
0,0.2825406985174179,1.1501997078416428
0,0.04022102702036508,1.3605831052494262
1,-0.9045407583976328,3.5710232934723907
1,-0.7388675311285947,4.114125939406177
0,2.094330317055709,1.4245242317501794
1,-3.179168434619524,3.293671012683347
0,0.5029793350787244,1.439675501300068
1,2.5182007086229317,4.822270547440799
0,1.7364966179684114,0.8328350232197606
1,0.8641406450971981,4.259068760973626
1,0.7060137867026411,4.676792612353044
1,1.3033810070177432,3.751215679479466
0,-1.3361889668632845,0.5866706595655723
0,-0.4798887082705939,1.1410507645921948
0,0.16131699114477183,1.1362955923548324
0,0.8665506737809527,0.3353535511599509
1,0.8464739944671525,3.445844945129169
1,-0.3299893324544707,3.334296019133895
0,-0.7100530627460759,0.9724975044095563
0,0.4548895647926237,1.2164693297607634
0,2.1117324998984897,1.4180447349472796
0,1.2025536057295925,0.6457285612490471
1,-0.6266579970690752,3.416690179738924
0,-0.579271701114878,1.5691574201276373
1,1.5295732140598892,4.274739476647943
1,-0.8425911786127933,5.3658520617694565
0,-1.5977218661847172,1.2354460368583835
1,1.6768422268964174,3.3665721788702263
1,-0.917708650011047,4.782265581484979
1,1.7722035336224877,4.491088135770211
0,-0.033687246420948495,1.0478732806895936
0,-1.270960166784557,0.7049048977956245
0,-0.817621857400386,1.2752489615113858
1,-0.3331444577986786,4.330775440195467
1,-2.512012962291748,3.1303692629636206
1,1.8130033632682556,4.1126291758049875
0,1.1467131578653644,2.2025545355553318
1,2.1318184070116417,5.9227837542172175
1,3.494926838579915,5.882877890607267
0,-0.6190874276938304,1.298802438591029
0,0.483238487955169,0.778580130544293
1,2.4555528061616,2.528985451020285
0,1.0857410935597722,0.5272988487029262
1,0.9083948825756268,5.722969073457687
1,-2.539077273936263,4.530098744891011
1,-0.7393564864338282,3.0029608340812275
1,-1.163865071166603,4.550012228542947
0,0.1317189938551071,0.8261687319545031
0,-1.537126505416018,0.8893091592882122
1,-0.8004469747044699,3.0032803628474563
0,0.3463741946624644,1.2686837315954007
1,-0.565131299401855,2.992635331975362
1,-1.4107513991048921,3.429703443142074
0,1.4503661907748244,0.549264714311436
1,-0.6514979196692954,3.1351273150461902
1,-2.4946428905154234,1.3492700408995848
0,-0.6695135460792917,0.2242117491742479
1,0.8431333828786284,4.2287094421086895
0,-0.8611775616837197,0.8837952707211655
1,-4.148332773108176,1.3744835358106449
0,-0.9263609341038698,0.9503395945441202
0,1.7722186127028032,0.813354359068672
0,-0.6958886197788523,0.65732405328895
1,-2.1531520155992974,3.9385479182314245
1,-0.37766716788108223,3.8547158543655446
0,-0.18505413996531442,1.3621631594906887
1,-2.603445824878573,3.7534252135758104
0,0.8482927347870941,0.7662488763690218
1,0.627016847084642,3.259473038776105
0,0.26753380440356495,0.8679293109581151
0,0.3847470329383563,0.4476807798555906
1,-1.0232642544474477,2.3738200956801343
1,-0.11127173529400938,4.629429480630035
0,0.2482940569709835,0.794426641866218
1,0.3395186947758404,5.480215829047433
1,-1.4527324918057514,3.835789825333002
0,-0.6415484793963996,1.5171446422650607
1,0.4823393209242541,4.202519651886081
0,1.3604017805251292,1.337586134034468
0,2.101722300133691,1.5923576634491106
0,-1.3726828794024564,0.5671473887915497
0,0.8610238814268462,0.8596374375904563
1,-0.8567027452100372,4.3136952252815135
1,-0.4181393958561236,3.420880483683068
1,-0.9476464910323952,3.781561639078409
1,-2.441608875221143,2.7546466450403413
0,0.664325612245454,0.7041273389484168
0,1.7560756041474035,0.6433977989420643
0,-1.5852481127666935,0.3378388328776508
1,-0.3106522685563919,4.998086359785474
0,-1.5310725746909422,1.2592714230882538
1,1.1698792450268625,5.13790163943909
1,-1.5061791025495177,4.784731425767457
1,0.7619955813799344,4.739507872135837
1,0.48147925566820565,3.6848285711939646
1,0.02918448668614928,4.657668812047316
0,2.1694972654873337,1.3524440997378115
1,0.3802121906047049,4.994939998335333
0,0.9166939121198684,1.2189039424111914
1,1.1973909511595782,3.549227972861139
1,-0.44842806508420036,3.9841293632261277
1,0.3431703868172142,4.869754634594227
0,3.6585551463490167,0.8179889772321192
0,0.61768059955518,1.5275042175869522
1,-3.8434992726292796,3.2665203877279048
0,0.9618011698851016,0.723319947767283
0,-0.1664910112407707,0.8989799784819779
1,-2.635835629231345,4.450151215962112
0,-0.06994402857904221,0.8462676914279765
0,2.667751190886939,1.7539357597623226
1,-1.364053239358672,3.303123961640053
0,0.19274529200158705,0.2896591806599501
0,1.8936023132523492,1.130887585539286
0,-1.2421806132699336,0.5329473179523561
0,-3.152106167217421,1.160088812224435
1,1.0307417914890207,4.338501133674363
1,-0.6942618909753003,4.187168717563482
0,-0.6970151725480543,0.8076545589220638
1,-0.7375789693419773,4.0529739654986905
0,1.116048959907844,0.26235776400720845
0,0.3746152586227561,1.5701654801160827
0,-0.28474402974511065,1.251861938111312
1,-2.027297264372634,2.2959647659937765
1,0.22854313785869543,6.71377332298141
1,-1.0745252355434511,2.9005430656308193
1,-0.690106232518492,3.198681160841611
1,0.8350863319833678,4.203387265942492
1,-0.5915728686689465,3.4524219184996765
1,0.38663405102988474,4.657814848418468
0,-1.154258248754895,0.4787979597182115
0,2.7097763864043536,1.224887140628629
0,1.6234904108336918,1.3809098612756217
1,2.6325728657159906,4.280404884648741
0,-0.3695175944180731,0.855225607119012
0,-1.6350099202097381,0.9939965476689054
1,3.3677524097463083,4.682413907904259
0,-1.5685127672904693,1.2146538623695533
1,1.1246888972125098,4.55629705615973
1,-0.5847370758199194,4.4666747957743995
1,-2.8176852451181613,2.636252294866163
1,2.79124080189994,4.971354663010558
1,-0.2706423503387257,2.4808646305491853
1,0.37600338454277843,2.7345519458010816
0,1.6987318144816566,1.7191547847875972
1,0.22324335129630446,5.28660914050477
0,0.20120233419961014,1.3436151824340397
0,0.7711292500846438,1.5237253950893062
0,-0.4367998629095898,0.7336428099098458
1,-0.36367668399257214,1.3799493368295765
1,0.02621449768169383,3.398487936276271
1,-2.2337376592280567,3.1377234447399034
1,0.6831625195880344,4.123446605881035
0,-0.7525049670970718,0.9536207665498877
0,-3.5524231514930764,-0.31618875942728075
0,0.11868859446563104,0.7238613565056949
1,0.20158937549510395,4.13839316769044
1,-1.3117464166631834,4.336842573292221
1,-0.050954164538329016,4.452102055684524
1,-2.011020747628012,2.630432866678242
0,0.5470850139814242,1.0425819093902913
1,-0.6133909027901128,2.560143121898361
0,-0.7329464909627103,0.7179602984737927
1,-1.0430809767108256,3.641305112647829
0,-1.53063755881517,0.9707333912448298
1,1.8607762275286357,6.8051413606203095
1,0.9260515109638254,4.2504315461800735
0,-1.7811604750234649,0.7273684586277693
1,-0.7005166417447464,3.708349162256495
1,-1.1277909836438413,3.5574036139518177
0,-2.0299244751149486,0.2999588660516749
1,-3.4390111252138653,3.5713254640048375
0,4.093614255029212,1.6867897836007884
0,0.902713296363328,1.2480457435134453
1,3.1686472977902778,5.946936085747186
1,0.08246552665180985,3.8213711631104887
0,0.516584302104988,1.7678394694602826
0,0.9027141101904819,0.9835754914542568
0,-0.853240074470298,0.9064451704617886
1,0.45182829898047167,4.304168677975152
0,-1.7948444351461752,0.7447245855161315
0,0.4954860722457944,0.49155247975937044
1,0.3076577950438967,3.7517547217673983
1,1.599599254539225,3.272938661550761
0,-0.03878347423598429,2.0001659311825035
1,-1.7842546091080014,3.149203372109481
1,-1.0363580280386513,3.5563556757585895
0,-1.4272266101850952,1.2610155984638218
1,-2.591075817963553,2.0157007403270004
0,-0.9348113960220645,0.6912788202297577
1,-1.625109979351919,1.5911705808310668
1,-0.39548228298031957,2.8711368911679243
0,1.4247497701599747,-0.10645504308137155
1,-0.17388269661036745,4.487724714934572
0,-2.195225468177915,0.3607176653582682
1,0.40742523826739924,4.633797661990397
1,0.3632822983614116,2.490252642187328
1,-0.412236565864257,4.343820572316095
1,0.2107061009122672,4.960481054749691
1,1.5630663798961881,5.076575692197674
1,0.46253945751768033,4.585716836476002
1,-0.9449173606422718,3.4309463814309242
1,-1.7034263765826567,4.177738170250178
0,-0.38569036558228126,1.0868002164297461
1,1.5904156490076886,4.699066430085809
1,-1.2581308741949537,4.379269605935164
1,-2.7431596070702167,3.509808814268755
0,3.2696603762801715,1.6420612165937842
1,-2.276449227464787,2.808984871358801
0,0.6561437884168158,0.5463907686336957
0,1.3725579896337676,0.9794691067141378
1,-0.10382570015957561,4.594512089599849
1,0.6970473479505688,4.7886448889057815
0,2.468987754932321,1.0375838525107202
0,0.810512006959337,1.7774376123277815
0,1.3160132402521747,1.5069370966554692
1,-1.0788581165283782,4.661268901329065
0,1.1787778237289799,1.0904839906280048
1,-1.2481483402185307,3.152163142618767
1,-1.3357686217412759,3.300220870528709
1,1.1841988342999794,4.644366697895307
1,1.396814261383126,4.0290244941391355
0,-1.6496330109808497,0.8340901395845536
0,-0.5088446873957359,0.9340477772504225
1,1.5314332240559592,4.3442110514169
1,0.6533647253664794,3.4440393717360616
0,-2.4435719871603103,1.0677625515153952
0,-0.022733901083646604,1.1185651256452953
0,-2.2688106954640777,1.0439808420383043
0,-0.03699302095826577,1.6171615875655205
1,-1.7847754809799476,2.2852916760897353
0,0.4900468745415233,0.8717758873356769
1,0.3080265822079469,4.772644964156856
1,-0.006094911239806061,4.284290354129816
1,-2.816997080565751,2.3420359805297775
0,-0.21991847974774548,0.5435520816369033
0,3.7037922385450144,1.92155279441345
1,2.3404931477586537,6.22527020607248
0,1.2643858595396493,1.913367546043395
0,2.2137400568071963,1.3156403568076107
0,0.9352346512564016,1.769858418750959
1,-0.5594835664335673,4.604151633705669
0,0.8945292073850525,0.568207602958511
1,-1.0533576578713448,4.262194769814535
1,2.87310054103414,3.199633205934045
1,1.4617712334717814,5.028798789285064
0,-0.5147963097787831,1.0381277856587814
0,1.0448145166233491,1.6520007102773127
1,2.929265486683806,5.543890188372915
0,-0.24977963688151092,0.9099992483053624
1,-3.2998426903574862,3.1461001038685352
0,2.0733410981490823,1.5593372787877033
0,0.3602967145541302,0.7757142570943316
0,-0.6063183847911918,0.8437003374401799
0,-0.33308686278589617,0.9472455565729133
1,-0.3042198458359043,3.235618344215222
1,0.08876952150060112,5.091325771485149
0,-0.3241103279625294,0.9313810851069575
1,-1.3152651735700716,2.989195861481299
0,-1.802794802484833,0.4415457033294289
1,1.2669756841693727,3.3244312477241187
1,0.8673426412258484,4.617708748990762
0,-0.5270956787703004,0.2736442642336292
0,0.0919638832011306,0.8586234540738846
0,-0.38254581255775466,1.0823997601218125
0,2.08533532079522,0.5477652063935652
0,-1.5172734599872548,1.3206435511595473
0,-1.805657124860059,0.20183568645056071
0,-1.1104713285185888,0.8889731336415155
1,2.0310517743137857,3.9275439211910204
0,0.03907984051098731,0.35348598777583096
1,0.23920851840925358,3.539206615182226
1,2.6279798381367883,4.37389139868675
0,-1.6670849773025977,0.24387933172924847
0,-2.325765939359015,0.7238245522359625
1,-0.023221221507411984,4.748203781490539
0,2.414014519875294,0.3847656758512048
1,-1.20040887898201,4.243788120248287
0,-2.186756440412801,0.5010435084191878
0,-0.634312755234102,0.7508431866068359
1,0.18362747746028174,4.728971445690071
0,-0.8244076455724572,0.72508279445979
1,1.6838500718397669,4.678698639887038
1,3.680197233500953,6.091680495795581
1,0.17902810108474032,2.120581440028111
0,-0.7590226924419533,0.7922734666072728
1,-0.13543809014186625,5.542995607307303
0,-0.4029349898507963,1.2240280972171862
1,2.397033046710802,6.653015387345366
0,-0.060631017368295764,0.22358437511373042
0,0.7806992533504336,0.7807905156924898
0,1.871537665188788,1.4192165744325944
1,1.4934121338242854,5.226367535839798
1,-0.28855558514418095,3.0581533923309685
1,-1.7747505108114012,1.7956546870096708
0,-0.29606489765637856,-0.6144822648805948
0,-0.6201670562732723,0.25070249845115267
0,-0.9316437834255474,0.6982499520821611
0,0.478608219699543,1.1059965068029791
0,-0.48963591011624874,1.3098640409111066
0,-2.4940714527009606,1.0284323542886071
0,1.325319899388411,1.3922888295072398
0,-2.186133728490256,1.0520095102495857
1,2.7143317472302693,5.258166545476598
1,2.1468409121639525,6.360004398859058
1,0.027967003037616754,3.9386561785961556
1,-1.1982378235610944,3.925346581871164
1,0.4988578733301075,3.0916357155680827
1,-1.3746512936005284,3.10882280050533
1,-1.2205907817922388,3.8096227996398806
1,-1.1270222911276022,1.8175066410125553
1,-2.6698234286469984,3.705174491451873
0,-0.2149566723838476,0.9562526811474955
0,-0.9596093822512655,1.2655650361589215
1,-0.95278139643726,2.422214321074814
0,0.8706421890619144,1.5359876861264077
0,0.5688464839740401,1.512799244920275
1,1.3645969684587473,4.726646117757294
1,3.198017876005315,4.423054390390658
0,1.6999965666025683,0.8316701998980378
0,-2.6049441406391405,0.8216881624541852
1,-0.741217339924208,3.077834631627769
1,0.42797178947615905,3.65056497053806
0,0.7174006450745867,1.241605392325231
1,1.5091625292858977,5.391849606760626
0,0.839038779915951,0.3654872463551758
0,-0.291520015994005,0.8522171002811485
1,-0.7540761659538778,3.4952307894939763
1,0.34225192544703337,4.557215439430093
1,-1.9770470010398562,3.1286645920967056
1,0.5413449056654179,5.22608057797842
0,-2.0637156532550867,0.09017181831335563
0,-0.09062306453759585,1.103061777959473
0,-0.15914365736446984,1.4865922462581964
0,-0.19431947772531058,1.1833320167055432
0,0.7756038071989871,1.4880628774133693
0,0.7927988557481037,0.8593836709425788
1,-1.6033843266657666,4.325942177689546
1,0.6515682080914529,4.778669695926452
0,0.16734917391053145,1.279570039397742
0,2.344110725759711,1.09255329323494
1,0.3784453578809075,3.8637690539814593
0,-1.3765033648699132,0.3178166364552113
1,2.9904846407714416,6.024296286248755
0,0.8828349271683494,0.9531268275790662
0,1.2342503707832024,0.8289074607481501
1,-0.48997489875258116,4.413848536317103
0,0.8033643317070145,0.5657711333405042
1,1.3194312475884997,4.022002178424664
1,-0.031687177966048405,2.4060302770277238
0,0.06806605992149557,1.1309105882406876
0,-0.7872770517223184,0.7293825281206634
1,1.2790452414204534,5.7457338109267235
0,2.083880207268421,1.08323654558278
0,1.705131956965664,0.4839909931945544
1,0.9864273749268216,4.090256135338644
1,-0.3572250328684908,4.216714568787018
0,0.19932361336174728,1.1071246743537708
0,-1.3223211958260683,1.1681799599710545
0,-0.07505108104910552,0.3157552119371104
0,1.2413085346438537,1.0050758986911494
0,0.9275058053878384,1.4412394213325155
0,-1.1861565900268745,0.7934488902216136
0,0.4068662045028243,1.234366937861095
1,-2.945391605165222,2.9677560694838583
1,-1.3827860259735643,4.6979876743236755
1,0.23454100164568129,3.986689389110529
1,-0.9419694290325641,4.644241511493435
0,-0.03453283836187324,0.7826334887588315
1,0.7470778852412742,4.554933319599695
0,0.22443278250179075,1.4127354101884706
0,0.3224625578177159,0.767765472483051
0,1.5268286310317154,0.5410179604499252
0,1.7617558339927,1.1105596298791007
0,0.5059721864269631,1.3101125154043276
1,1.070368272690222,3.393458210007431
1,1.890056824990645,4.0948347631595725
1,-1.0777588519752124,2.5707535712353726
1,0.7158224777043533,3.87842949607057
0,-0.5371334614015634,1.3948999386620122
1,-1.5063882600388265,3.2330823008272622
1,0.5720044060103989,4.345333927926141
1,2.593754862209671,5.417133156116553
0,2.0850597607437487,1.6720771264858203
1,4.5540892994311335,6.16200934827661
1,-0.16698514557732436,1.9822741193273763
0,-0.11596716177346761,1.4109587765569789
1,-0.7455034005061482,2.888660824121203
0,0.635325243898047,0.8284306111453853
0,1.5859992749688003,1.183824398892271
1,1.9667606824972084,5.399757792497562
0,-1.0191860358097928,0.8235877712810102
1,1.0324621568299472,4.340525390731496
0,-0.08803253038751857,1.8041141744970268
0,0.5226862106292359,1.2803217802711266
1,-0.8052344451471987,3.364812537154074
0,0.9324283234841488,0.5209843082382819
1,0.6795129529973225,4.912082713871634
1,0.4528198938153052,3.359098923108325
1,0.4484591945917898,2.63821618907452
1,2.449848192931152,4.514595245719185
0,1.626098126676503,1.019381611339585
0,0.8686266944377735,2.0023960592929977
0,-0.5007232177535295,-0.48431421766795846
0,3.0143399598448375,1.444005156315342
0,0.07689776468755617,1.5615623012703264
0,3.093116606748393,1.0892468307629672
1,0.23757798175705636,3.9974587062260247
0,1.4852091421999298,1.1734284574649272
1,0.39779307069358927,4.6260512714822335
0,-0.35014260713654477,0.9459983479167648
1,-1.80179832475719,3.188081572572413
0,0.2983973200324003,0.77982523977073
1,-0.799207877597464,4.027369735142192
0,2.1745655913752944,0.8946429934868838
0,-1.6755801636805459,0.9999981924309556
0,0.07983239758827265,0.8802905076670227
0,-0.5102620548876827,0.4090537714311434
0,-1.3928090014507415,0.8665080714244444
0,-1.1474913788235923,0.8885186865513804
1,-1.6228341057444402,1.947639023689585
1,-2.9239071049375487,2.3945962177951827
0,0.009549385984757795,2.043301918960812
1,0.2854749229664891,3.905318884554322
0,2.699571406966681,0.868997156062716
1,-0.7578931878184968,3.8156193218499936
1,-3.046115559661854,2.3616426739105787
1,1.0747810739442372,2.675190039522145
0,-0.9835137839171639,1.2453438522569045
1,0.5927512413974291,3.201489933847165
1,0.41858839154301625,4.329170454910615
1,-0.978879324623946,2.2298535112096034
0,-1.02034167810128,0.4499203780378088
0,-0.6469391016763905,0.45846387062824734
0,0.5615144904569882,1.7053150295408672
1,-1.904334764038133,4.752936630300904
0,-1.3998930222885326,0.9228612318876509
0,-1.140142570405625,0.4200190555079525
0,2.2946700939401645,1.0716320399805295
0,1.3129171546948002,1.257449470764279
0,-0.31640286793329514,1.5328413416379525
0,-1.5422328840806598,1.2740970589140126
0,-1.057870891400464,0.23120672074476356
0,-0.011776543153556565,1.2776695580030397
0,-1.5258162536363933,0.0760827156762941
1,-0.9228391672915807,4.136551456102396
0,0.2964582301620533,0.6603469847126212
1,-1.3062319298342742,4.2222298282586195
0,-0.05281019638171898,1.240107888472666
0,-0.615296828178266,1.1484058490299114
0,0.9058645151631138,1.5935941196016306
0,0.7268242927884353,1.1140738775213694
1,-1.5045472300065823,4.077158754124923
1,1.6412001755729924,4.3310704247189395
1,0.2669830645970072,4.232179129595635
0,-0.8272310184747083,0.9761421926084802
0,2.5051480668212402,0.3971174193001248
1,1.2673441023062275,4.299710650617194
0,-2.1381065469701603,0.6388361103885727
0,2.095103975273053,1.7074418432296812
1,1.9841243354897298,4.285008858232881
0,2.443199457564333,0.740768159994968
1,-0.3508710423897826,3.565321372225205
1,1.2799051265900712,3.1006579469710176
1,2.561802045698782,4.411341869086354
1,0.5447105485335035,4.124778912872128
0,0.964584438957535,1.1845227510967542
1,0.5461200210391455,3.519525280797544
0,1.3403113161520066,1.0126243570773332
1,1.5043242953773328,4.972603371966097
0,-0.6262208755787845,1.1661505564804093
1,-0.7583047695131817,2.5119884920493387
1,1.5194138769639622,5.052499246862151
1,1.745949881028757,4.977991154773809
1,-0.5936953693180996,3.8038639713884645
1,0.5770580554775482,3.880615828262844
1,-0.2756160371978949,4.981537696959349
0,-2.422980986159936,0.4370467629820479
1,0.1664753508206724,6.3406171053611295
0,0.762043971791847,0.8318869319071195
0,0.3125347180696875,0.27856135616039446
1,0.9042548218067189,3.94908367246871
0,-1.0985381072596732,0.5222748545056239
0,-0.6023567504088667,0.7086009226098868
0,-0.3549441175066887,1.1943965264581298
1,-0.816853394906368,2.882183515782158
1,0.5657087229753304,3.203103636759623
0,-0.5742226409041032,0.6572518269300993
1,1.2923034332759418,3.8099128872800927
0,-0.11923616247528021,0.6389841999716457
0,-1.3053542973078922,0.5478037003701015
1,-0.6695981281541491,3.813294723736322
1,0.7285733735822906,5.588811100333276
0,2.5370468380827265,1.7944847753900923
1,-0.036075561283347865,3.7106986717321746
0,-0.8364605127756247,1.399951495057306
1,1.4169387575729797,5.428648872461132
1,4.798569036950832,5.863801009637308
1,-0.6701549540841993,3.765983589929514
0,0.10237905015748325,1.0017345762915257
0,-2.4267989642292696,0.6781626530811886
0,-2.838305816342708,1.6873498210378135
0,-1.9419130857841669,0.7495771780983418
1,-2.49245386268929,2.020241648942468
1,3.4386808400780793,4.8482287113089555
1,-0.4270912127053369,3.19882303293884
1,4.4008918478691035,7.079532462908129
0,0.27816412246573685,1.4358697754986163
1,-1.7995394911797504,2.8800398787809085
0,1.070561258114313,0.8058989635936086
0,-4.406112933141198,1.2125540400182564
1,3.827519792430327,6.268227159617377
1,-0.001383691726964657,2.840159512551452
0,1.138413489325112,0.7686577116232673
0,-2.6462234113012144,0.701060002329708
0,-1.4710490091269761,0.8477126653599915
0,-0.7373851264288107,1.5760897216714316
0,-0.9866795527390353,0.7601659661651314
1,0.9920071444991656,5.309724929063613
1,-0.04642086007266384,3.5719100924317186
0,1.4303271661328187,1.1346864816184905
0,1.463942841665789,1.2234327964251985
1,-1.7727087880067744,2.0294504978027037
1,1.1482772952205116,3.60796071084019
0,-1.570148040005877,1.185537832420406
0,-0.3237015973352522,1.3752077911783267
0,1.1929207008817604,1.5813948818145303
1,0.595148277824583,4.40385476731136
1,2.4793952336345906,6.617248015692622
1,0.6647931572151843,3.9563249208765883
0,-1.689186789506529,0.4575703248947631
0,-1.8382906197368232,1.069476607980142
0,-0.3298504794549553,0.42685810775860233
0,0.4869474892928395,0.8023999506845371
1,-1.3138452320811134,4.105612909496643
0,-0.4726403225750589,1.1977260030869197
0,-1.5263494244405793,0.9665063033919404
1,0.3231837851917041,4.2583685822062565
0,-0.7088341698785943,1.4355688242035125
1,0.2918224213356821,3.6077816618753276
