0,-2.4587379750960308,-0.14381444951442468
1,-0.9582406648115853,0.26455019673828994
0,-1.133352687674663,-1.7232352797487263
0,2.384920963502359,-1.5746137058824168
0,-1.4100187369266388,-1.8478286190916644
0,2.9774722238277427,-1.0826383425133117
0,1.5989528773042956,-1.7567074445445487
0,-2.7052689195634367,-0.32658659609261065
1,2.9909343903893157,1.3364657104488242
1,2.8090958628365303,1.8116420996513285
1,-0.011000154623086011,1.1570002040754002
1,1.0611575288359365,0.6413581783918603
1,-0.43831225726805734,1.6912011087811
1,0.19979879039976867,1.5200020023707612
1,1.1888014115403784,1.7748149433149747
0,1.0795552419444423,-0.659010565288952
1,0.5647074313126588,0.1523508072799924
0,-1.6565627721968272,-1.3345816347409896
0,-0.06965043428350892,-1.3372731236016846
1,-0.12371525638325842,1.132795940409781
1,2.6206673048997295,0.9863150200425506
1,0.40720124845974937,-0.009958704199688029
1,-2.860948773157385,1.8182772440036845
1,0.42948719139861646,0.9213398763035059
1,-1.3935909006432696,0.9283430506387447
0,-0.16276800384616674,-1.6083884905739998
0,-2.335089212324677,-1.1638916461997515
1,-0.8901063009797872,-0.0013636354741297652
1,2.6320391604640836,1.1662239878373075
0,-0.26740258833490316,-1.8936269462995807
1,0.5316760332969102,0.9052959275191448
0,2.546246150258951,-1.5793818861113107
1,-0.050029778134706326,1.7811305248810605
0,-2.064836799188481,0.5593803662950378
1,-1.5972555409458105,1.8361836237226754
1,1.8077370427556243,1.8832027617351503
0,-2.2499091549656955,-0.7702295721531618
0,-1.6149620328239582,-0.75603036454237
0,2.988156301749002,-0.3454772401612005
0,-0.024172827455013923,-1.8026897603066283
1,-0.3703769569742219,1.0992682909764784
1,2.402316879825997,1.658888719735601
0,-0.4382144754767445,-1.8448244692311713
1,-0.5359871348915091,1.634503721340777
0,-0.6109240558086597,-1.9034971957681126
0,-1.7282533118763457,-1.9710130228069431
0,-2.5316600636984226,-0.7047343168418756
0,-2.8312749845285556,-0.8486779000975528
0,-2.906434065510566,0.598374052635466
1,0.5687197658749232,0.3767498029534435
1,0.12013745844200097,1.9831583916530011
0,-2.837227184820984,-1.3331778342615759
0,-2.7308362267183073,-0.2051973412278243
1,-0.8366396069794444,-0.48159204123896737
0,2.0187637662570026,-0.06909695069257538
0,-0.7699962994268974,-1.3989281920762013
1,-1.0259373710739124,-0.6476032165872327
1,0.4990293331424027,0.802280024122835
1,-1.1004135910670432,0.8516686694474846
0,1.5098193565260436,-0.9820190168690175
1,1.1279250660107412,1.3748959809161478
0,-0.5220733532848421,-1.9400649203972749
0,-2.348456163573721,-1.9335352194286108
0,-0.4314815181561178,-1.3035364984256703
1,1.5195422325822534,1.5608579263170532
1,-1.5470953021412874,0.12970822245231872
0,0.23401506714820064,-1.5899006139768623
1,1.5315103769623848,0.6717652249648722
0,0.472470820545257,-1.9545978002534699
0,-1.6854642549612513,-1.262744846407191
1,0.2670859326752044,1.6562107457723942
1,-0.24325511890094909,-0.2787338980635754
1,1.2389143027979115,0.2400630324738473
1,1.3681366573318403,1.1025629140268158
1,-1.47688817009622,0.9031428353809927
0,-1.9848862464097998,-0.3472060795705647
1,-0.08451963201683954,1.1915619044541934
1,-1.4214731766524302,1.33929528040618
1,2.539098817294205,1.4791286484756752
1,1.3324411157584413,0.6677563082634408
0,-0.8611715153347879,-1.2328515308508323
1,-0.9973137504267768,1.1465638267125322
1,-1.5100439123128382,1.116931701452807
1,0.5016730486228704,0.34780617317282037
0,2.6863221324768194,-1.887917040688404
1,-1.2579524525201813,1.9280210276188225
1,0.18630259927919735,-0.942877555654924
0,2.7984603092701645,-0.8152938930703564
0,-2.6825945376718527,0.5607579282290778
0,1.8901642136614232,-1.3400473684094716
0,-2.864560080449214,0.11536096612022684
1,-1.665190678686672,1.6507570913231224
1,-1.537346102342562,0.9534922962445647
0,1.535701554982217,-0.6692139038200962
0,2.947205178773105,-0.7760869203566108
0,2.986990902669363,-1.7203547086178466
0,2.0376696633411235,-0.1622894497300562
0,-2.1633327768965973,-0.6909182535351888
0,0.8986124929189376,-1.677330368991456
1,0.7158519624518016,1.7605713385274426
0,-1.959855393991148,-0.664831462768305
0,-0.7630052992838205,-0.7381423099489366
0,-2.0196740641046573,-0.5047928710016767
1,1.6895317314713658,0.4336000583180497
0,2.601030818575871,-1.422584735086693
1,-1.3720038173912166,1.713391709694382
1,0.5308216353016366,1.5741524379218466
0,2.266704582674226,-1.5790876603055457
1,-0.24091548512671634,0.20028994910315
1,0.6325814588842373,0.7517532838601522
0,-1.5476769442093101,-0.1485152182318683
1,-1.7781695125288464,0.9065386085930016
1,-1.2348398478822484,0.01777749449181032
0,2.1061509333666537,0.046943186173656226
0,-2.8349245796990763,-1.1474104541940378
0,-0.7156678006320258,-0.8137458847615915
1,0.004994866903936579,0.09702429218441644
1,-1.1458981865518387,0.39226757798012546
1,0.3258521533419958,0.5354465289855979
0,0.3368691670343895,-1.020082680457922
1,-1.2760484162348287,-0.22443884430418581
0,-2.962657982027527,-1.4780693128920692
0,1.3457530502081028,-1.43540831460541
1,1.387874654669675,0.8695584953626403
1,-2.002288662988408,0.5021378622634418
1,-0.9644233840376306,-0.5016498947026125
0,2.3557617657419954,-1.8951529613533058
0,0.5155879481082888,-1.467869224165515
0,2.0528140639090378,-1.4198317966188125
1,-1.0422277513922626,1.2593510402370534
0,-2.297766601357517,-1.1238235618634596
0,2.987653857080672,-1.2509388378799793
0,1.9190083849412352,-0.40342172737261306
1,-0.3083086225025813,0.4097554750227994
0,-1.6386938059949931,-1.0453018838861263
0,0.8600660048210806,-1.8746495371672522
1,0.4556390296463193,-0.7937518863864366
1,0.5970717455265797,-0.5333510320488268
1,2.748070655940838,1.1302095170791335
0,2.1435230604896454,-0.8214813482937977
0,1.4780731119231776,-0.8821206498034484
0,1.9983798678434948,-0.9013725275454023
0,-2.9708540656677207,-0.9853312082988457
1,0.27933957933403164,1.7658774913394506
1,1.4439876743627398,1.8474846072714777
1,1.88260658045031,1.0485260669001826
0,-1.9214355147388673,-0.5397122656994062
0,-2.3978743119125587,-0.6081259028309876
1,1.3725634933060515,0.8394148041930811
0,-2.8906100404496415,0.7590245336512567
0,2.122306372743709,-1.6363374197387337
1,-1.6159837370612722,1.9774247686925697
0,1.1301860390658556,-1.9997651807177577
0,-2.12934395021339,-0.6829509028562941
1,-1.663785480679568,1.5015301646601968
1,-1.3775211419467441,0.8788865157708541
0,-2.745173724145122,-1.199494785579418
0,2.2111105343119215,-0.8115081531610153
1,-0.4164486387244155,0.9751508738148438
0,-2.9947105085095784,0.03888935019241879
0,-2.6370887898817648,0.27267942324176175
1,1.5422308961726028,0.3893130081079339
1,-0.17552345845216433,1.0035773747701993
0,-2.4324261225514494,-0.5591530316300894
1,-1.641724633060649,1.5192318740164934
1,1.0798414080039178,1.7631495269096162
1,0.48641619783325973,-0.27248723311264245
0,-0.686962316924161,-1.1053572126793547
0,-1.3448007041553858,-1.6827659050724288
1,-2.631329318146647,1.0758942111134147
1,0.1099254816437476,0.996446849568013
0,0.8596388985158563,-1.7377080224764327
1,1.5804236378278294,1.4583371391721571
1,0.4755042133808205,-0.6568943858010825
0,-1.3593579004509566,-1.7579745318870934
1,0.4305056634828439,-0.24038443920471453
1,-0.11246246333060883,-0.8872135862346866
1,1.759486515945449,0.7128489445084449
0,0.22408459401619663,-1.3817224996074824
1,0.9593196249736176,-0.2982057783108618
0,-1.8322917271606372,-0.7346748416486877
1,-1.2119864034957486,1.0159822475930906
1,1.7788853840531802,0.2020024047033182
0,-2.8779812463894396,0.29949492662722577
1,0.5230333891247092,0.41352431129932876
0,-2.4577500463943998,-1.8563297561540404
1,-2.3938060103142025,1.6961141376420632
1,2.104246176606848,1.9163861772357769
0,1.9266501627298958,0.19443435793999742
0,2.3307316163453082,-1.153327670473613
0,2.9619860029535934,-0.20377173791558034
1,-1.5986354997554684,0.8060950122753598
0,-0.9040601875828669,-1.7831172068241283
1,1.7850958124029157,1.9120593197742908
1,-0.49906184566440936,1.4779038895200638
0,2.9034565418583496,0.6336860421531485
0,-2.1296558254861973,-0.5763788752941275
1,-1.3224980774027382,0.6166553518042388
1,-1.736851915746487,1.1614032199187814
1,-0.6318788688582506,1.7437208787632108
0,1.702342775856641,-0.07515050191864026
1,-1.208754022681904,-0.18091720997811933
1,-0.5152180643087707,1.6208188135585004
1,0.5188568551350947,-0.10017485665526005
0,2.222722869339604,-1.7451885581018436
0,2.411578331092157,-1.8751721828516694
0,2.5963286318067595,-0.11093760396518704
1,-2.544375680995409,1.19389979313197
1,0.8946793515545179,-0.6006492821607927
0,-2.753635685380791,-0.4481393193849881
1,-1.1134479685433534,1.3579417555286342
1,-0.9704798593688437,0.6054235918293918
0,2.4044109580466726,0.3347327714414794
1,-1.212993859323812,1.2928956858623493
0,-1.9212401414428113,-0.5096349919162306
0,1.1591579719413465,-1.9616679944361661
1,0.8780921194410709,-0.5747936762671553
1,1.0592229563357574,1.2595221080736905
1,-1.3144468104069458,1.478971005441954
0,-1.9931130793013743,-1.3496783862248405
0,-2.6329186708957346,-1.5490843790787618
1,-1.6795450981296343,1.7004183786775058
1,1.9692934776327338,0.8254224640033079
1,-2.038103708668644,1.333668849283574
0,-2.3508678884413894,0.29695745455961653
0,1.5471168680324165,-1.6480828714021332
1,-2.8994854968764967,1.0137227332481893
1,-1.049820463793837,-0.04174334670632085
0,1.373829619235547,-1.9492934368361894
1,-1.113479998188602,0.23868302418853915
0,-1.4893757794970572,-0.7961458443272904
0,0.8426940139146835,-1.1266595977062246
1,1.6251033317698997,1.1108220278909564
0,2.4462088010114913,-0.11716535958724306
0,-2.9910205466157365,0.46173115848648427
0,2.6161318949233703,-1.2033530244629738
0,-2.5862545206088763,0.40262509456830475
1,-0.35956898744249344,0.04788964030744092
1,1.9546129816207891,1.5584971139942678
0,2.108492215847585,-1.5037826671060466
0,0.8728870244580031,-1.421915406466395
1,-0.11014204684655438,1.241475222021161
1,-0.1816165903347482,0.40258208263239936
1,-1.5019437181196362,-0.045211598268569464
0,-0.5312742017445533,-1.673525882660575
1,2.081138037523809,0.53298906809591
0,-2.3764192914729936,0.6926402555418405
0,2.86572987103432,-1.9676418212499729
0,2.0100125736936985,-1.0003158613979557
0,-2.8869611442436804,0.08320016020081145
1,-0.5123786877368808,0.7967388559784223
0,-1.99777065564898,-1.4485519059866605
1,0.37513039140943105,0.25974271015380124
1,0.5459833327007351,1.848590122427114
1,1.6024678417680862,1.7502301151288164
1,0.10708837801248094,1.9047419595661683
0,1.3576991056996297,-0.519168333553826
0,-1.7548949022278402,-0.6130506279494048
0,1.1408728542866227,-0.9835716488634931
0,2.059739178640255,-1.2491603481308262
0,-2.880672306698743,-1.569978530742703
1,1.0850394136480386,0.2379440112286595
1,-0.4626734679622091,1.5008820030172751
0,-0.784967329130775,-1.4568537212006012
1,-2.5414770038215364,1.2631088530330699
1,1.3518756585848664,0.30092142953244405
0,-0.9036154721835237,-1.8334834942871492
0,-2.5418981609139095,-1.0910865242109886
0,-2.828149501343272,-0.665279750581278
0,1.6268543922837457,-0.320854703871714
0,2.4170027643118877,-1.9071798051438114
1,-0.6374952702512351,0.1920185484123791
1,0.09413511905890726,0.04656489165611788
1,1.2252982352402633,0.353935519155296
1,-2.6626264386499785,1.5985586885074081
0,-0.909131701499815,-0.5681366560402066
1,0.11867706834411873,-1.2123094946321995
0,-2.4723201268645365,-1.7389777223277778
1,1.1936352395103142,0.8754726578307168
0,-2.6354803237688262,0.40604774037255
0,-1.514034681352449,-1.0725512572528109
0,-1.746866682690756,-0.49043265126732516
1,-2.5248459282632494,1.9240196642198075
0,2.3684290899125084,-0.5234266923161806
0,2.046365944692237,-1.060240757241413
0,1.3810307357318603,-0.9041023879148011
0,-2.665097322978541,0.26212388864044733
1,-2.707260925984059,1.4491696796285205
0,-2.5549892812294095,-1.3057930986673973
1,-1.136617263423931,-0.09246209092078406
0,2.8125663303603314,-0.08789619805850313
0,-0.4899682839259052,-1.0336044812938372
0,1.2609451967770742,-1.7353096392140896
1,2.7556270561482545,1.5843884626254066
0,2.68393899239914,0.8799645724310916
1,-0.376934649263311,0.27020423191166865
1,1.9809962970416102,0.40538643510649575
1,0.3538896987250917,1.698548937183666
1,0.8600449114455087,0.8287994222593369
0,0.04834576454864248,-1.1130858204276577
1,0.3270814802764792,-0.8997928044353607
0,1.0950975811667547,-0.3909746752090246
0,-0.3831831929052698,-1.2063747320833866
0,-2.3881734590220787,-1.4262468686384344
1,0.3131117216495447,-0.3904744168274932
1,-1.6713173551642408,0.3028146819990254
0,-1.8292382270420295,-1.6928326000291616
0,2.5642321923972737,0.7923838115843735
0,2.1209713600978652,-0.3926043018872343
0,2.4013451518976012,-0.4660366132097038
1,-2.247091608581248,1.6258477269606493
1,-0.014542983814101795,0.30489869883201104
0,2.705009622539988,-0.7735561247326075
1,0.30363094493964926,1.8760926078896851
1,0.904044182971834,1.2558616788257333
0,-2.3521265200671486,-0.1435269188993522
1,1.455429588400139,0.23731131802698435
0,-1.1238659864341463,-0.4819796591912682
1,1.0476179363615064,0.7080969078107784
0,-0.7031731714593494,-1.0145868904051882
1,-2.2536339929302582,1.3027122358497012
1,-2.2365165068210944,1.2839476944664883
0,-2.7524603976845756,-0.9555468060961982
0,-1.2726553379538676,-1.017369681193562
0,1.8540552644540407,-0.4107920891026109
0,1.2134006565443034,-1.1188846832539623
0,-2.4388436756160408,0.01825595652433032
0,1.8689121500043813,-0.5459640402203405
0,2.5621178656997463,-0.5610510062948082
1,0.8299191069586689,1.0377010489283158
0,2.5171469823672084,-0.21120262295480208
0,-1.5300311979978518,-0.4711604126207871
0,2.367027063904395,0.16610337563177469
0,-2.5693987768593427,-1.1177126053664241
1,-1.7389232594946533,0.9309743343581904
1,0.9746022962510823,-0.332860191492411
0,-1.1689950498000359,-1.4588025305812873
0,-1.8812255651669574,-1.9308340735313552
1,-0.8569991746155905,0.25654570844396174
1,-1.1101158454910023,0.371281561409861
0,-2.532066167702056,0.13044044879731276
1,-1.5892643131406412,1.051608199551941
1,2.6270440815590845,1.9320673302919187
1,0.10657325325228317,0.823966093773489
1,-0.853222109632271,1.7012309629782036
0,2.45323008794239,-0.1546316395892262
0,-2.001679385073176,-1.1880860860789486
0,-1.6410514361134463,-1.485557104164267
1,-2.319763099377713,1.4428149308312355
1,2.0176829395262974,1.7271461461609223
1,-2.242889946748028,0.5811111640031261
1,0.5332222619398266,1.8306957521593215
1,1.4362373162658892,1.5017157629886984
1,-0.6451941421364875,1.4751534925022272
0,2.780448231679932,-0.08579676854233798
0,2.8615250406853523,-1.5662866585858355
1,-2.154653247314614,1.4097619348053847
1,1.728530343881686,0.7746115160180573
1,-2.580629240852695,1.8238232951499143
1,-1.10353810772663,1.2761989290922235
0,-1.8394663733198768,-0.1692609394804525
1,-1.023674059881522,0.8867149219058441
0,1.318252836751844,-1.5951261317980219
1,1.802743019129153,1.4327774405258524
1,1.869500623244944,1.7976137909699546
0,1.7167901261014702,-0.2702870697778561
0,-2.4734542312581906,-1.149159994436387
1,-0.45672542569126584,0.32759534641409926
0,2.4911352359941024,-0.6163612432024763
0,2.9849209471473905,0.4463699197550408
0,-2.352356304652636,0.5431875434064879
1,-0.08624720693242693,1.0717481325477105
0,2.902221856153309,0.07352883780122088
0,1.5558997251816375,-1.5320659235572962
0,-2.256671389751178,-0.8381515700121822
0,2.636154147341893,0.8418637364093233
1,-1.802073664182953,1.6041168715250431
1,0.8138817606699691,1.3188448363422327
1,1.4725660950507073,1.093994437711023
1,0.914431652203636,0.21502650350255115
0,-1.5464652170414575,-0.2961271227962152
1,-0.26987559625148494,0.472876905209457
0,-0.32589160292284625,-1.680368310622867
1,2.8503214096704976,1.2234007263202846
0,2.9239406800562016,-0.9236522704629424
1,0.7210289461584467,-0.2583506621076954
1,-1.5562465769480642,1.7293498768798057
1,0.41414415509003266,-0.8880392422571162
1,0.6314786770957506,-0.3963818727260424
1,-1.720665608997436,1.4240824722516487
0,-2.800619706842084,0.5398436036330705
0,2.828827795627314,-0.695696971084276
0,2.96374019878951,-0.23664712503133556
1,-0.4037984340695542,0.07278722692795458
1,2.095615950835504,1.1808257846839387
0,-2.7113619784099314,-0.9951415855201398
0,2.4914464729113606,-1.1871587290404673
1,-0.7382670710480479,-0.2735002931112991
1,1.4234466630719789,0.8888665344055329
0,2.3427950790508945,0.9021643923236908
0,-0.12547036896899932,-1.494438586370967
1,0.43508584808030637,-0.26880477606826103
0,-2.031839215949521,-0.2284612405498354
1,-0.779011875362694,1.2967072256931136
1,0.1811406640007096,1.1374348800102836
1,-0.9402934264854284,1.602499726595965
0,-2.760221144139732,-0.8184924175856687
1,0.7040309963651876,1.0976454096618258
1,-2.5098311055520712,1.6182070838804292
1,1.5240148431324716,0.6744823640888389
0,1.673825400560097,-0.8563192341581183
1,0.40624742560092475,-0.7323626082653338
0,-2.4408765192843607,-1.2985122368528343
1,0.7071843251509047,-0.24306056106143537
1,-0.8884983403937676,0.5398749520184749
0,1.481392662985633,-0.7409123882275996
0,2.3021028786408095,-0.5638857913062223
1,-1.7839231575330825,0.9854561502902324
0,-1.3273821500784089,-1.1611699877306223
0,2.133024095036162,-0.374639174632752
1,-0.09457944868200752,1.2799276161488868
0,2.6025127959092353,-1.3069141869498275
0,2.4353546638367316,-0.20449861903984567
1,0.10684426894111843,0.8767938095586816
0,-2.981312225036171,-1.9448599662157608
1,0.484140728023819,-0.46615126044040434
0,-0.3126142333483859,-1.6980305582727766
0,-1.203176524599302,-0.43340553509504387
0,-2.998222913252653,-0.7962986762624467
1,0.8593036686429931,1.307889008505204
0,-2.746774705016673,-0.016066053447809203
0,2.912644595923136,0.5051574902010145
0,-2.298042934826377,0.3920727266818713
1,0.23751918274335626,-0.8178447207872876
0,2.15329621288362,0.4041450922967891
1,1.2660272374947192,0.641542404737343
0,1.9067892295210154,-1.3102156923014818
1,-0.5364246725016173,-0.20036379842208207
0,-2.3148502814300995,-1.7872509325002448
1,2.859544649994425,1.8928055198368843
1,1.7045465322992968,0.5865484719702292
1,-1.968884352432869,0.9274785180841878
1,-1.2044720748167115,1.9303717834143583
1,-2.2162445414010703,1.2467433450984555
0,-2.934148928307245,-1.8364900288390142
0,2.7253562394831565,-0.48559205783923476
1,0.3683286195198687,-0.0538954797175486
0,1.1770386451498513,-1.4095342659136008
0,-1.9427876248657132,-0.8069183166628604
0,-2.733253771630139,-0.16165153736768856
0,2.3542076655067374,-0.6426618894874729
1,-0.1942793647982506,0.23376564305560388
1,-2.95277515730909,1.9739900909849815
1,-1.0089874095621205,0.8402299437623166
1,-2.4256818383592793,1.1625089223766292
1,1.362561878786904,0.4572430044708038
0,2.258274300597389,0.02085014782090333
1,1.5330891699413787,0.292164236005668
0,0.24161878225284106,-1.237069638936295
1,0.6349223418272514,0.7356021990638166
0,-1.2795401761527563,-1.3444028668182049
0,0.01854163208004156,-1.1546842794550587
1,0.014899420416452536,0.09735039000139789
0,-2.989611800046388,-0.6745700142119149
0,-1.5242613329754424,-0.8169225649422196
1,-0.4328615743051789,0.19630840780393033
0,-2.9808374626333123,0.4542168052677993
0,1.7433869354378162,-1.4019459663382197
0,2.375785503062712,-0.3161481782610913
0,-2.9005476602826548,0.5181351648093742
1,0.5848594948998143,1.0857003611891072
0,1.1929253991756283,-1.5662315822003423
1,1.0393837448424605,1.2314754238940737
0,-2.9573392096586364,-0.5101113901593002
0,0.844975078567133,-1.9343810566269708
0,2.9269396660343423,-1.429350930505283
0,-2.9570992398512965,0.7209966845732785
0,-1.8248874808194473,-1.9841111830636535
0,1.1883709392977915,-0.9965376404265727
0,1.9546358864220554,-1.0681438463887818
0,0.9905817316655687,-0.9019809135274275
0,-1.564085865222629,-1.6173356597508066
1,0.5126323669406645,1.3795586729225477
0,0.8195181963809457,-1.7524835185977343
0,-1.9277579626595616,-0.05733599849866833
1,-0.21512257791665146,1.2816002238212718
1,0.32179150197453055,1.9807796266939137
0,1.114555198641824,-0.5678006140829965
1,1.2773858257112467,1.944786718921741
0,-1.73753303148881,-1.4571150355228264
1,1.2166901412471915,0.11289695855003457
0,2.692019217479408,-1.1827722178552538
0,-2.4090667135653447,-1.091337128467405
1,-0.5458259615945638,1.6377098255696438
0,-2.3361775793268884,0.39456925543978905
0,-0.7853041801696676,-1.8779999556374332
0,-1.769402482271127,0.023830921709724784
1,-1.0530593017066106,-0.06284309464088267
1,2.3433182256833165,1.963455854695352
0,-1.941246608947395,-1.4659505799259835
0,-1.8100350513308303,-1.0229173053523244
0,1.4263794210963674,-0.31993680256585444
0,2.971247242921269,-1.489650759216636
1,-1.0665965034909108,1.488683423566159
0,-2.455017898268911,0.8097280360693366
0,1.3915972380702915,-0.5873577812032078
1,-2.6819658691140926,1.8661869333378132
1,2.8336936056743003,1.4402918591664653
1,-0.049364119372692805,1.574883732813189
0,1.0086238206060418,-1.4537307024500192
1,0.1146396627084032,1.358786747077525
0,-1.870385506622248,-0.12051602708285758
1,-1.5360506718155336,0.6668604432405636
0,-2.4957123728066293,-0.6906307078485248
0,-2.6246330253022756,-0.004053202731601591
1,-0.21709283997841444,0.0806583368119358
1,-1.8349674533479896,0.3429414721090267
0,0.854387839021781,-1.4741671240771934
1,-2.1853358473282425,1.5436031452171046
1,-0.1161110990524481,1.3526969698357934
1,-1.0281529530110307,1.7192200691268216
0,2.2323422976877243,-0.5962318341968849
0,-2.3204307742521824,0.5118394640106225
0,2.360014916508402,-1.734899535682357
1,1.6049412008560653,0.23251438121870383
1,-1.96498154955021,1.0774828601611395
1,-0.9082435824540909,1.755016682923074
0,2.2589676839304706,0.009445273078206196
0,-1.3307007971097256,-1.3161623729447816
0,2.193238247092803,-0.763149375736107
0,1.5018308990808595,-0.13452594403814455
1,2.0943949750909887,1.40945926317158
1,-0.5570604346307402,1.0123582674904856
1,-0.05169102503926126,0.2595193555867463
1,1.8033811993787312,1.6764687209154787
1,-1.9194548867839136,0.38795192515013976
0,-1.451465115598276,-1.8442388021383986
1,0.2142344475509219,-0.6559733967794918
1,-1.7167002615530167,0.16730507715630694
0,2.5740276646040794,0.19039622117863564
1,-1.2893642293160337,0.09084332425726993
0,2.76066425017389,0.5596000972142177
1,1.3091339039415892,0.6668871367938123
1,-1.3887898571577402,0.9824285741174945
1,1.8298873635688224,0.8364358194397234
1,-0.530043280725871,-0.6754673842248997
1,-0.7084533600947913,-0.4200133517098177
1,-0.7457178906695479,-0.1449883353989989
1,1.4390461728872648,1.8130848947881706
0,0.6495127391184039,-1.151486658268991
1,-0.47261671960096097,1.563023899182868
1,0.7939265755294054,1.080022024325265
1,-2.9869909838630258,1.482211094664652
1,0.3673831377607808,0.3703531946392755
0,0.6297499385972083,-1.037906226387412
0,-2.6181342790218096,-1.585146022584683
0,2.931907145920463,0.0646645098688503
1,-1.8126456510369628,0.9389848209066178
1,0.9446016705571472,0.5848144668642723
1,0.15040769521812258,-0.5079204591536337
1,1.1556988324907387,0.10367789111843084
0,0.6282108696275737,-1.8342589014371544
0,-0.06257246854090948,-1.9100059841088215
1,-2.499761588824466,1.2919906879593324
0,2.6815986286496782,-1.7594228935385696
1,0.9695458134025494,-0.3759914039180696
0,-0.4196883547758561,-1.0507952818761286
0,-1.8943664606199992,-0.8418746175267362
1,-1.4463158165314745,0.4548524137663388
1,0.7856334891538248,-0.4587896602745656
0,-0.9796783460549765,-1.201407451969989
0,-1.356498108821614,-0.9447567127229881
1,2.066616739389369,1.5830965102659915
1,2.693122845541435,1.0922474155050605
0,-2.4221269821744964,0.22404404459750848
1,0.926351304329478,-0.11223303621886771
0,2.8840008891077904,-0.32706121990923176
0,-1.155859103106032,-1.846758468088074
0,-0.309835027609787,-1.4286964501274406
0,1.557220110337779,-1.8996254953788436
1,2.220053558281566,0.5912412963442244
0,-0.36904189425016654,-1.6889145294730121
0,-2.1340301710797047,-1.8986502551059306
1,-1.4016891763971049,0.744556478526297
1,2.78406256796736,1.4914256955129241
1,1.5413208455325966,-0.04989514054834299
0,1.3463018567733966,-1.500057783611978
0,2.932512662086067,-0.3439668212060236
0,2.8189451891991135,-0.09231110792105124
1,1.6002833763178677,1.2583841083715197
0,-0.9468137555316689,-1.3768481723139208
0,1.899720342294037,0.06553853367252627
0,-2.3442643651731516,-1.3593445373639246
0,1.750789958526962,-0.6241521851712784
0,-0.9266413733540642,-0.6038415848100143
1,1.0503549483575974,1.2888134759435919
1,2.1308610057358592,1.138412933779863
0,-2.581982610407967,0.8142475616520368
1,0.6536108917570917,1.6244307638637214
1,2.8199334206058646,1.8831638439071128
0,-2.4573138900470757,0.4827233459983371
1,1.3890397565873807,1.9315105321573758
0,2.1506997618038515,-1.8304532530604152
0,1.376288081001448,-0.26646467539167507
0,-0.4554647412660473,-1.9522479595991071
1,1.8731112446328195,0.764772197282602
1,-2.841111645850379,1.9577332257239104
1,2.556874621933998,1.0377491737512927
0,-2.4089504941915765,-0.61150763295838
0,-2.2969226501922577,-0.6153177571361179
0,-2.979392045608013,-1.4505069015774161
0,-2.1828373818163582,-0.4356223797361123
0,1.4155675815208344,-1.676470020040031
0,0.8368695303494693,-1.0204358179373911
1,0.9868845939427269,1.23246362546621
0,0.5491035597150402,-1.9291672184305275
0,1.0759458214096673,-1.028573479127875
1,-1.0327044559929082,0.8959558761300919
1,-0.3385592640529218,0.34820346809631264
1,-0.7242482178956013,0.24968263187025386
0,0.4647342271080186,-1.5746696885969458
0,-0.7353776335729894,-1.8513076142060005
1,1.3435853017660113,0.13947584146996306
1,-1.148360119215097,0.03629220584260118
1,-0.6969461681209768,1.7302266063960192
0,-2.8080496872661427,-0.7305916496845244
0,2.100441379875173,-0.2542535918340789
1,1.9205817385921815,0.4124258700455665
1,2.1930267356102524,1.9562103099692432
0,-1.4688459232147124,-0.26819417344569096
1,2.1943812123090645,1.7802156585211653
1,-0.4867621183019244,1.59511425028394
1,1.9294006273077988,0.42275825722103555
1,0.9333633829303238,0.878153066181595
0,2.1207375524245613,-0.5436158193011957
1,0.5583830237358547,0.6217194315612473
1,1.2258312116327934,0.31327869827959187
1,-2.1886687621071452,1.5952634093580849
0,-2.323534787960033,-1.7704459133676167
1,-1.6994930975265192,1.3311486327747448
0,-2.3011006781867396,-0.14175769918551406
0,-0.8837828284108769,-1.8431439585563512
1,-2.2722838832623733,1.7539022003486826
0,2.8322721537221076,-1.161398158986095
1,1.6503067602678971,1.5580639463080335
0,-2.6507654385283583,0.4090825140259007
0,1.27707839263965,-1.8581737264468408
1,-0.7167500577366317,0.46772757590545266
1,-0.31264171442450905,1.7257641919218254
1,-1.3815477309754525,-0.11040637559185784
0,-2.666080097924504,0.18947326997293956
0,-2.69985210353855,0.8320637943310198
0,-0.2405343608092112,-1.4723065012070404
1,2.199011358299966,1.0614391869141584
0,2.409353184979607,0.653849558028389
1,-0.9449112016400543,0.5939249840207461
1,1.8343920373972242,1.2623006339829095
1,2.2284526637949202,1.0956267635845633
1,-1.2646229579473944,1.8801301087878755
0,-2.9891710848833126,0.5763741657034904
1,0.5904537408969168,1.5096495973218182
0,2.7239701011702246,-1.531016804478738
0,1.6872121102276774,-1.813491270126931
0,2.9227653851433093,-1.0231694229240182
1,-0.8869883928498341,0.3868170127930157
1,-2.712421977355705,1.1218579361026522
0,-0.6175216862369792,-1.2780531726082978
1,-2.519771851969403,1.6001188772315937
1,0.2871408894084708,1.6833163859585443
1,0.7772822595539428,-0.32798778358631564
0,-2.2154962568597467,-0.4264064784088548
0,0.36884869318674873,-1.1665012575251392
0,-1.071240063915655,-1.419210550466949
1,-1.925642310475916,1.7878617657493399
1,-0.9338246333397446,0.9281009505283797
1,-0.18244251455177185,0.00880856122904028
1,-1.2409385383766944,0.3163611713180372
1,-0.8542452895963204,-0.03800960062230985
1,1.3089456622748905,0.9552416963366284
0,1.0278545072740695,-0.8864225179789571
1,1.7881800283736924,0.7807290444365211
0,-2.6223503537470814,-1.1770767631150112
1,1.7731553552713137,0.564166963948487
1,-1.2377334524806152,1.6845105187866847
0,-1.929823958477422,-1.8644367315398074
1,0.01958223945844173,-0.15266519102813492
1,-0.8261073198290312,0.2548936345882038
0,1.3273745692874384,-1.6471240941929688
1,0.22944345450343828,-0.06778085129859113
0,-2.3645692064375226,-1.0091348568155873
0,-1.2477137521911184,-0.8265648649859951
0,-2.268796720381532,-0.9525360924633879
1,0.12646336660155333,0.41852411523383237
1,0.6073741816265126,0.8691246734942117
1,0.02769283657437427,0.25779020033424294
0,1.6950229592037873,-1.839492931955188
0,-2.7081596790642717,-1.0841498256735984
1,-2.9176379925494222,1.7564739812690724
0,2.0148105097340014,-1.0360826738249163
1,-0.8376794985312666,1.4490716477453995
0,0.3431120721278518,-1.7600645944518312
0,-2.1047348171998657,-1.7784999277741775
0,-2.705248805166085,-0.6387034781064593
1,-0.7265707201688842,-0.6556483626486873
0,-1.484462894188333,-0.7432960245976106
1,0.06003139322002227,1.9497825769703896
0,1.6849502578668236,-1.4455989785294316
0,-2.7160927248888704,-1.5159029874328778
1,-0.6427340538049293,1.7925746829304572
1,0.11947303620069238,-0.3124615238769204
1,-0.023725788569020967,-0.8016443809730429
0,-0.8648747146108082,-1.8272630099081728
1,-0.07771568715307442,-0.5071610038343448
0,-1.762509305715871,-0.5420230816938028
1,-2.1525451680837606,1.4311077514492903
0,-1.3665108534976393,-1.7235794830204698
1,2.53793545093383,1.9460226018043594
1,0.9254170705236553,0.22734419727343314
1,-0.46601721824875497,-0.7085062733274219
1,-1.1465403921232151,-0.29356382873242604
0,-2.3461150683443712,-1.735847332899632
1,-1.223519998021689,1.0068945911970828
0,-2.1199105639471467,0.0073957505292105985
0,-2.812350275277695,-0.8788992514454397
0,-2.641969546600267,0.41339658128703594
1,-0.6228023776551357,1.1817178355038398
0,1.0706238384723985,-0.7736041333935151
0,2.959624270910223,-0.8557861757523582
1,-0.6666935709731336,1.803014063857042
1,-0.3289999162569659,-0.6367342521561241
0,-0.30630039200035064,-1.2267782620143297
0,1.807889132723913,-0.038100646012269035
1,0.31569561413086333,1.6155546900523983
1,0.5009473761324603,-0.19233033279295553
1,1.2843770366587401,0.561295777403199
0,2.747211793245061,-0.08408590283326456
1,-1.534688245009422,1.7909051818398853
1,0.8174919577797621,-0.594707459782859
1,-2.58562373681505,1.246931530489059
1,0.13256740476888185,0.7481679046081315
1,-0.31509696616502936,1.3007964788166846
0,-0.30351988526975227,-1.0792144554335819
0,-1.964980266383294,-0.0701240707582862
0,-1.8108597592472018,-1.8994277278125682
1,2.1248477988098786,1.1152253624515045
0,-2.868795628104528,0.27730718800598275
1,0.43653513673058875,-0.7474658095709872
1,-2.1305562396447595,0.7198910688407718
0,-1.095359903563692,-1.0372329248701337
0,0.4028397552913008,-1.5781470316299195
0,-2.2959154999679097,-0.7220943143763998
0,2.2474116479008757,-0.338125763198327
0,0.8164471528857344,-1.874382830548551
0,1.5616994133817474,-1.8957491720981348
1,-0.48543459184273985,1.9432964350952915
1,1.3595518509414752,-0.10817188072328143
0,-2.276122959896356,-1.7138480168040489
1,0.8613720983171422,0.9105352639035855
1,0.7454644057257718,0.6827050258798284
0,1.1258421041929987,-0.8211508117719442
0,-0.8080202160607151,-0.9106305250895943
0,1.037773033378472,-1.6980288921153708
0,-2.0968438832378964,-0.7437512926825267
1,1.7748924184534598,1.2857417281088814
1,0.10420911564280466,1.4077033830237928
0,0.4554199340763647,-1.7658070339705203
0,-2.960766553834678,0.5626216569054647
1,0.004715693531269327,-0.4504085704994014
1,-1.7958348800061301,0.3472865620496308
1,-0.17683639055714018,1.2366820064961694
0,1.8404548890568684,-1.5814253685873356
1,-0.671573830147365,0.8891948584114466
0,1.415658334513619,-1.8893529056869882
1,-0.699363553725127,1.9228358305770503
1,-2.264114993330961,0.6463725823947915
1,1.2021880165048593,0.8478388858375805
0,-0.769259832890671,-1.8303088353889074
1,1.2771498293141663,1.6164102560421116
0,-1.7735978976120428,-1.7950271600668075
0,1.8040227467231862,-0.5448635540485252
1,-0.7426180232987711,0.6979394992703476
0,2.7265605658141183,-1.0601653778555482
0,-0.812776306046743,-0.9772813820037736
0,-2.674974613334306,-1.9257393253317847
1,0.7465661823104259,1.5494514003743713
0,1.5420423638160434,-1.1696312953130876
1,2.291321183704646,1.3301483303333206
0,-1.6157670737017633,-0.534754683507499
0,2.6206761675666517,-1.3970286089013748
1,-1.6230800771454417,1.0072422034404167
0,0.08509212584769976,-1.9379623005243989
1,0.02930854972475938,-0.5349495965152875
0,1.19923817719968,-0.7989648747144273
0,-2.234818769511862,-1.6923088428852027
1,0.7498772555363544,0.3694792867416776
0,1.4789613774301689,-1.072753921147414
1,-1.2043569785405543,-0.21278501404589933
0,-1.3389943172115226,-1.3871052373662014
0,-2.0029326076872644,-1.7519301918652226
1,-0.5674044790791011,-0.14142121050381995
1,0.07098065237215057,1.5428396701162432
1,-1.421212773415057,1.5696430276998643
0,1.1233692952052348,-1.6864369574808693
1,0.13512101363286266,1.4371523320486181
1,-0.5038755428935255,1.2830332212714515
0,2.748548926542785,0.23863058269808857
0,-0.41199183214127544,-1.371328885825284
0,2.7843763956871825,-0.36625333271225635
1,-1.2219420988770258,-0.24956387992994644
1,0.4388132511235847,0.3782027998725024
1,2.4798224318159683,1.7184494263216985
0,-1.6901683145585664,-0.5221510705833912
1,1.0606525500470765,0.7140681585470792
0,0.4535612682286576,-1.9806182279115103
1,2.301469079411448,1.9655785817299347
1,-2.0655331910409434,0.6695068543887723
0,2.2082338536133532,-1.151234286011638
1,-1.5410636691165185,0.6866880691112613
1,0.2942571365025577,1.8961641951199728
0,0.3400584078940181,-1.1166527172735004
1,-1.003897545115198,0.6116553814095282
1,-2.805869965929544,1.8541783605564501
1,1.7288042819933782,0.3581203529541659
0,1.1939542375996295,-0.7751547542709094
1,-2.6747036472341996,1.977849453636897
1,-0.39321657061084414,0.966379200828337
1,1.710615909052887,1.9295193193968854
1,1.3942035184567754,0.3393289651604672
1,1.1522971504768034,1.923188012594291
1,-2.90316722912563,1.7533193008824792
0,1.7753705383110177,-0.10166326720635421
1,2.6537602222716705,1.2265480791233236
0,-0.5441630137823772,-1.7720113553122219
0,-2.226138542564419,-0.7767129556591565
1,-0.10336872004636,0.6549306728275752
0,-0.014061998496110562,-1.2643055636462357
0,-1.682303805444285,-0.9974156418978901
1,-1.1794370062233064,-0.03944475580906204
1,-1.0361456804494609,0.3988133481853118
1,1.2862304609625568,1.6741786545829815
0,2.745638770703887,0.6612129325297862
0,1.8566449556621913,-0.1687601926872362
0,2.912119065910016,-1.9085901615849283
0,-2.5022355014660778,-1.8589990401168204
1,-0.7403053354917333,1.5935816161494185
1,-2.3979345363760327,1.2981296950002323
1,-0.048265443198054925,0.40371398232313727
0,-1.33926879671476,-1.2304520935217274
1,-0.5259864596342667,-0.009258855712437786
0,2.832516207300082,-1.9730250361447954
1,-0.8631710801397041,-0.49997298057325246
0,2.9487304086171795,-0.8996716651844476
1,1.4430606003048911,1.617187418135578
0,-1.8104967944436534,-0.6118079688786895
0,-2.8932309606959827,-0.35743943439664827
1,-0.22507912193518376,0.8517759728190959
1,0.4633146123596408,1.2967080579097572
0,-0.2643971566675174,-1.0859569631679493
0,2.7905845782279703,0.9291572722856092
0,2.189708016291534,0.26544757531917007
1,-0.6261030185621026,0.9973614122928831
0,2.2775298583332075,-0.8564927712214971
0,0.6917286869396535,-1.015660544902643
0,-2.1253785843281827,0.572210175160508
0,2.1462439426724336,0.5344391686552639
0,2.110148869939822,-0.6158508095238631
1,-0.7600108212628767,1.2778029452737303
1,-0.2621145253964947,1.3075399951717905
0,1.4151009046487424,-1.3480884397002617
0,-2.3286330745656856,0.06072273931872907
0,1.3660539655123136,-0.9959259506313178
1,-0.1737438884390765,1.2478749287354831
1,-0.4238919833637631,0.1532873494217344
0,2.597795357298919,-0.7192651880225354
0,-0.7932462178667148,-1.865464912013941
0,2.9587296535673744,-1.779500721519672
0,-1.5421437575777819,-1.5496049779425025
1,-1.175467804136236,1.239819834553681
0,-0.5522688459327529,-1.5285709660080196
1,1.2510804060001757,1.039391419594693
1,0.2815834953939662,-0.3720028656090051
0,-2.1828017746115727,0.36720239654978837
0,1.6889892182539272,0.03448447047878567
1,-0.913759797366557,1.5395876698308526
0,2.4973151285894613,-1.0975793080301668
0,-0.8332906282242547,-1.7467713722603326
0,2.119578695494348,0.012703017460394594
1,1.9433066977925435,1.6938599451719245
0,1.7601497785061007,-0.0462876287059637
1,0.022876034344519347,1.0955607866564034
1,-1.0544626594956579,0.04578698825352001
1,-0.6508311019207369,-0.7538064122577501
1,2.9212937668348147,1.9046954684977786
1,-0.8924556452382602,1.3231002464805344
1,1.7542959338728998,0.4001801324171841
1,1.022484532128498,0.037981587367854175
0,2.1510101597514915,-1.9575603122204783
0,2.2101493694021297,-0.30502376110250484
1,2.5623010074120085,1.8280241367054995
1,-0.5045087799733512,-0.28620340364401775
0,0.20181447438284028,-1.4643652286898026
1,-2.5017198643961596,1.5279660549125262
1,2.5922910780876425,1.2425818686509955
0,0.6354618376061496,-1.9717761052875917
1,-0.9985297143583338,1.4539076484310316
0,2.517061061722165,0.07879161336736207
0,0.24353509804513873,-1.3695774485002987
1,-1.3655378030718384,0.7100058646196983
1,-2.953069001546929,0.9101042142209468
0,2.9858836747254784,-0.4381672554262166
1,-1.1181638090592712,1.409044517371572
1,1.01448462560729,-0.05674923920302577
0,-2.839117776170923,0.5040748268839743
1,-1.5623231933851902,1.741247255168184
0,-1.4321123856740519,-1.9977686710547138
1,-0.15955663295261946,0.2965231552177312
0,0.46463314377168885,-1.6212177273629003
0,-0.4161686418232966,-1.6190902841256478
1,0.3697279636437725,1.6191421910111101
0,-2.600388631088257,0.26731371281092775
1,1.8325134952400495,1.618026174449783
0,-2.1778346024803423,-1.0234623112956656
0,-1.7424004169816412,-0.5005221279480452
1,1.2392978177349239,0.41534766034043935
0,1.0115570641221803,-1.0758712882177317
0,2.5593236683684557,-0.3472793638635028
0,-2.0142119712876294,-1.6246249853481594
0,-2.6022680929474578,0.3723691848006041
0,-1.1928147089115766,-1.1070516438761944
1,0.04290463352510798,1.8415333805554401
1,2.6549860102724443,1.20954494256535
1,1.553435261993366,0.9146301664812335
1,-2.5290734729068722,1.5654125332181623
1,-1.6424149157615868,0.6770991293146045
1,0.4775137912452303,1.9798599505608312
0,-0.15291307335138704,-0.7928486289964716
1,2.5997932460428625,1.1515496117895108
1,-2.8836441190308726,1.843944422842374
1,-1.1967326502005606,0.32664370970776435
1,-0.4577730219539191,0.4829583598093974
1,-0.5165734826685058,-0.7992149918141314
1,0.1599574993473114,0.1435128568365518
0,2.459810974285248,-1.5078560763140922
1,0.7069264514229467,1.1606927388281827
1,-1.027069742061239,1.9337352422466974
0,2.518095148315167,0.219934123420102
0,2.7660158663597514,-1.5503956634705847
0,0.9531387806364862,-0.6860284535997763
0,-2.426735794708291,-0.6966078656372492
1,-0.3783238797553219,1.6566748538444172
1,0.36063891161430206,1.6099560320826733
0,-1.6533610692139888,-1.13204428495134
0,0.6769278790967315,-1.347269143588644
0,-2.807911680749097,0.6049818143905457
0,1.6740243505811385,-1.5559592823760622
1,-2.219110077161381,1.36978838007983
0,2.674578067771174,0.6600249942798779
1,0.18857784920898535,-0.6870489800481692
1,-1.2694921210390564,0.18943033108546814
0,-2.569098590377532,-1.17383542854478
0,-2.004953431275492,-0.060545134430387115
0,-2.0576812223312393,-1.6002671106974953
0,1.87315563994426,-0.04306984660293356
1,-1.8282079314072028,1.7174304566572296
1,-1.4126884097511996,0.4020595118619257
0,1.2765830041542072,-1.01425903083191
1,-0.7205819015887451,0.7475017801532693
1,2.626009620391585,1.3019722267296698
1,0.6476486790622973,1.2640515243337846
1,-0.4867266679533815,0.8866515179152108
1,-2.2660635248025485,1.0114002242450124
0,-0.44746737024813044,-1.1706104033856026
0,-2.654060862358495,-0.27368441975991065
0,-2.4474612399419264,0.29199934953283435
1,0.08682605073105476,-0.2190333589057447
1,-0.13707524101554736,1.120153324937934
1,-2.1639328461693306,1.85411865312392
0,-2.8099806015377142,-0.7175303077928481
0,-2.6996092352840764,0.16352569143500562
1,-1.0916755508227336,1.0818033068900283
1,1.3146217137895126,0.8873581590504758
0,-1.461986334466524,-0.9438188480926439
1,0.4119118432117119,0.8959666705710152
1,-1.1787254540330814,1.1596122015073393
0,-0.5737035417903833,-1.659873818197732
0,-0.8945680403872545,-1.7698164474873157
1,1.057032774349019,0.2892041738688107
1,2.5501857634026193,1.458560186754779
1,0.9156749889376004,1.2658827145449312
1,0.14675427803317742,0.8568753397747582
0,-0.7751151974102122,-0.9467634365232929
1,2.199419583790916,1.7381103315458506
1,-0.8190652398955462,1.004571038060715
1,-0.035183796733782025,-0.7734131285363279
1,1.4728896229376218,1.2560578145516752
0,2.207301997901011,-1.081912992928697
1,-0.2507598385560552,-0.3180947125398421
0,1.267934355539384,-0.45583520265937016
0,0.23982846185810391,-1.4523202758493605
0,-2.336194383215252,-1.0240952918131168
1,-1.366136833604805,1.4481837824918609
0,-2.1784736312709923,-1.8420346843799136
1,0.9165626011741104,1.07448361210059
1,-0.2768584038588342,0.12764289764570025
0,2.8667412014067883,-1.7189757914721953
1,-0.30956168804400885,-0.9469831757704257
0,0.7544573227792881,-1.7149200606454507
1,-1.593936284407838,1.896910659752781
1,-0.29884064532141075,1.386457052489221
0,1.7525064273646258,-0.1560798161352599
1,-0.03587863014750958,1.0477965633916022
1,-1.7782025960180305,1.9925555695065982
0,-2.4770085424741266,-1.9407611880242341
1,1.3963313614706978,0.24417215648429735
1,-1.0190659666539683,1.8214875982961902
0,-0.30809187685054074,-1.6807903189390632
0,1.5642989666450369,-1.1392871860208684
1,0.7649795750935082,1.936137955532781
1,0.22849773132580786,1.3746298791451719
0,-1.6861635438927625,-0.8142582726376091
0,-0.2503904411900848,-1.0611073775507203
1,-0.29306661882590923,0.4241403470397205
0,-2.1044851775759055,-1.431823735763659
1,1.76991199433221,1.2289192402239917
0,-0.9372164758163795,-0.8959746738637673
1,-1.6231809745799657,1.2478008251471686
0,-2.164474517839298,-1.3236575779817321
1,0.5646634674634399,1.4082800054861382
1,0.16634881584547312,1.5886575933359457
1,1.4250993807311287,0.15632280994862668
0,1.3698001354360994,-0.2896054556229495
1,-1.7670902104743937,0.7509650299980821
0,-0.87647124471453,-1.4620989621034544
0,-2.7382680259348247,0.6851528054062523
1,-1.33525913627789,1.4688296282485487
0,2.879243435683401,-1.9806583367072141
0,1.39833938907592,-0.5792860011198164
1,-0.6722824449677653,0.003817140120021989
0,0.5535087458462002,-1.2841394774897745
1,0.653089863243367,0.15573696815318971
1,-1.2249731779328996,0.371353459834868
1,-2.239011306111248,1.671265118263943
1,1.637523877938901,0.17267242795747162
1,-0.23849117053978341,-0.056386463355583505
1,0.21400587936615523,1.4012364382252422
0,0.38116993039313574,-1.0579881965082079
0,0.25820458901053556,-1.1484204106730775
0,1.5211698680034855,-1.571157419718482
1,-0.37042474157589567,1.3320003130928626
0,1.64204068888698,-0.299161173089574
0,-1.8060957638074668,-0.9999514573318908
1,0.6420723088325957,1.2956428538372387
0,-2.8285483039299315,0.8501569853933
0,1.5273774173064814,-1.309743795644947
0,2.2129781697008353,-0.9392510969511183
0,0.8038296215677807,-1.336192405777267
1,-1.70211147741504,1.7070725244323137
0,1.1899000997125686,-1.4370638263097946
0,-2.6720044621386334,-0.45787272807186374
0,-1.4073616184977271,-0.5072712990720567
1,-2.5285939943733924,1.3306097347619712
0,-1.0064511845458988,-1.6051087322455566
1,-0.9316814440607568,-0.04285160176720204
1,-0.10612973348434895,0.005201033166823521
0,-1.364752041673193,-1.307841331752336
1,0.3573372296228534,-0.4290766105097301
0,1.7639894267732803,-1.429769251663425
0,-1.2138469210114844,-1.2182743119002164
0,1.7614618221834801,-1.9174327035362788
1,-0.7394806239519527,1.8696402758672255
0,2.902139683059742,-0.5118873766100216
1,0.22050245067660335,-0.5620854010943526
0,2.297693386405842,-0.9759665131392805
0,2.0781258985523365,-1.8017293056808534
1,-1.6700234742974571,0.2502835976207711
1,-1.1388494421905442,1.6575034596716098
1,-1.007580257561072,0.05103238749534755
1,1.8311865228273216,1.0803148803296496
0,-0.7891886374067854,-0.9432820264795301
0,-0.81368257950193,-1.470918642406641
0,0.39884855780387385,-1.7336211093014553
0,2.7661743867944804,0.29033829071920314
0,1.3289243056985098,-1.6902248624801781
1,0.3005105474578813,1.9092409123302718
0,-2.0801123884430472,-1.3623956790696252
1,0.25798144334479245,0.08610232148541508
1,1.1391203618048307,1.5136067561202413
1,-0.28181318172997294,0.3963010842205761
0,1.4690884050729345,-1.5422545737881266
1,-0.5664909295507536,0.2582946274172042
1,-2.4250355734499864,1.8576946142834045
1,-1.0052060112743988,0.8660134376460213
1,-0.7132560062227178,0.15841810936449363
0,-0.8531908802194659,-1.6733432389886458
0,2.0427519423712424,-1.880801394004262
1,0.04108583518432418,-0.44875212238071427
0,1.1944228630758769,-1.5063751104276473
1,2.288601721790047,1.2794362936512718
1,0.6480362883896271,0.7789167490452602
1,0.29074388517164707,0.501955817946437
1,-2.313309730680449,0.9559253502577456
0,1.8483392468629853,-1.235897008309184
0,2.96054579099198,-1.829140182284403
1,-0.38607283642517043,0.2777876988840724
1,-0.9534877589737114,0.9152736222942179
0,-2.3484997166064985,0.27715443925156036
1,0.6723063879741034,-0.6534541851384108
1,-2.504476716934014,1.8037131650397393
0,2.882657905903387,-0.36137841581272534
1,1.346785768572266,0.933253873948531
0,1.2601813871844865,-0.7304301730506508
0,-0.4319528630379885,-1.8340269468654795
1,-1.3111413459451478,0.585965341349838
1,-0.9423865592438667,-0.2711705487149496
1,0.2900670238997356,1.4254259753473124
1,1.8504295878421182,1.774311224689269
1,0.40464088470467807,-0.6697326012634028
1,-0.11260386634307284,0.15020799757433556
1,1.3630214247106398,1.7209465018795473
0,0.48930715294542715,-1.3535004334491694
0,-0.6428210302417665,-1.6764459782442023
1,0.5505817722349713,1.2535909356446928
1,-1.3901472226131426,0.329495501653005
1,1.4085119853309296,1.348271645392206
1,1.7048542545210372,0.7945930036554603
1,1.3122561292366104,1.010676852159198
1,-0.29802553980855073,-0.1504074545625449
0,1.036168926664061,-1.2534989171196753
1,-0.38649501751224147,1.2703708083979341
0,-0.17331147222826804,-1.603659247222343
0,-1.4860107575710129,-1.1733054614104406
0,-2.6336872270712472,-0.36808564636602537
0,-1.0277403782118875,-1.6859669211787507
1,0.03394343744221118,1.6265665975373476
0,2.8912681833368925,-1.7691297422806347
1,-1.1478181196746515,1.3668248840615487
0,-2.1096818609866035,-1.4128423584487244
0,-1.2626981129718697,-0.9424254193958759
1,0.2250467599237056,0.9214760219085871
0,2.7926085806042655,-1.283474859041501
1,2.5580971777944166,1.0680886593452499
1,1.5957326167801007,1.9345668328018633
1,2.1899174407807847,0.5971717799106737
0,-2.2446898093138117,-1.7822525944573715
1,-0.3220747436262288,-0.8355495354148226
0,-1.3183855099295185,-0.9629207569742486
0,-2.86068953827744,0.1511920460692484
0,1.9292668209494233,-0.6501644885398417
0,2.8069432324119097,-0.15332967475411463
0,2.078871453515058,-0.4052027663011124
1,0.10531431282326675,1.4522494771715913
1,-0.5441410072972226,-0.0595085140936118
1,0.3426799284067945,1.6724341565448007
1,0.9991780631008367,0.8304411184385994
0,0.8607057332035346,-0.7887766943249703
1,1.2478102473372363,0.16497657564895363
1,0.07058688371032229,0.0331032593791627
1,-0.9712056176061239,0.5357476180985317
0,-2.3073243583662837,-0.1162897699292933
0,2.9926481412112924,0.16775915110763062
1,-1.176894820806249,-0.1985559141824269
1,0.8029384683210337,0.11422816418914383
1,-0.8346861374753747,1.3934823290975822
1,-1.927629949666026,1.3359770319739743
1,1.7161540046060253,0.5637641158356668
0,-2.1189252429921233,-0.20921297996019117
1,-0.5041982209764191,0.7497176602285505
1,-1.4464880331002747,0.4950756718582525
1,0.9175017729751902,1.8215948481629907
0,1.861070240575959,-1.4336261041147984
1,-1.9720356544061854,1.482146890252721
1,1.2379082274007418,0.7971619839237261
1,-2.826074932312487,1.587215449883522
0,2.0263580289490424,-0.2759586523046451
1,0.5490406473164091,1.0717864470019096
1,1.145849728526387,0.23961588466490413
1,-2.0165315904576375,1.6529415104183416
1,0.3692357014814611,0.04406620775425818
1,0.07739919084237279,1.0692780710266936
0,-2.1759822419145616,-0.7249225545563354
1,-2.5552993632044885,1.6140485303281187
1,0.4497874512876092,-0.9134935071755508
1,-2.236564236813022,1.376257304948858
1,-1.9460007063669191,0.9150936421041975
0,-2.1808490665393965,-1.724042521691144
1,-0.3311970081601969,-0.09255448468393945
0,1.4605237447208896,-1.823649806010451
1,2.069654085334525,1.6071787858968891
1,2.1303408214741575,1.8652273881635666
0,2.132526746952176,0.272635528400496
1,2.0249629479540463,1.1209138727813888
1,0.24427077954189347,-0.8918497684216562
0,2.6256564111637344,-0.7034960200959302
0,2.40044314080838,-1.1862088554348005
0,-2.9757437201975283,-1.814180476538568
0,0.4533848042782558,-0.8645259688482514
0,1.7117657086510878,-0.5488546091100766
1,1.44979249770772,0.796004733647167
0,-0.40514494565034287,-1.0613582418193843
1,1.4605960609108273,0.06025914919070585
0,2.880284583829628,0.009502108022097389
0,-2.34413386794152,-0.289640740812803
1,0.3076919403019547,-0.28703108443704606
1,-1.2960464783756234,1.1244553438262859
0,-1.6578078909847769,-0.4498232128505264
0,-2.579138905295355,-0.1658072360913243
0,2.5303917020726328,-0.7857490932036635
1,-1.1500593150026475,1.9690444209448708
1,2.42439097053417,1.6536079775634214
0,-1.6740775497858857,0.004152620708726129
1,2.0244139809055497,0.618702989187176
0,1.2242977251732938,-0.9832556743202407
0,1.5619463094785067,-0.43316499722364776
1,-0.13822270126984204,1.33119104183803
0,0.21099270632223277,-1.6339035112829698
1,1.108385408167063,0.5602650116191188
1,0.4641446257237458,-0.15433797481641998
0,2.980603927211437,-1.0449505351835673
0,-0.5978289880584242,-1.3225571279494281
1,-0.7331109624599899,0.021517513276671618
0,2.254003638875366,0.10172302638516362
1,0.8647374533732668,-0.0036261054859325625
1,-0.0011476119161084597,1.533747805288027
0,-1.5646919677632052,-0.11311341564700506
0,-1.87476416344389,-1.2876500880003592
0,-1.925196833049765,-1.274062924085778
1,-0.15121036153413803,1.1088438805882022
1,-0.9143615461109151,1.4520334515860198
0,2.3918283000894984,-0.8456663013642878
0,-2.1741530144035335,-0.12980360594396956
1,0.27650476315921235,0.4883607227839404
1,0.4113310625595217,0.1273017202074116
1,1.8239821632948985,1.2141500835687107
0,1.5807405741313278,-1.1343634065228008
1,-2.009207443262542,0.7816329886597964
0,0.2954265604669555,-1.9195935376633972
0,-2.896383557121138,0.8408751317838488
1,1.8728380150293535,0.7541337738792433
0,-2.8318909462344557,0.2462596972930351
1,2.203020030552014,1.9794824132370628
1,-2.4548648804892106,1.4354760214327231
1,2.360746673670481,1.9245439749167264
1,0.6696155435640754,1.853529763845887
1,-0.7786808277883281,0.10280702706677669
1,-0.5028288605018938,0.44979257299100617
1,1.2324289423795687,0.8474662609625887
0,-1.6814212452912982,-1.1627290154586625
0,-0.07657766177646952,-0.7055930593676951
0,2.9689126635886085,-1.8163702993950723
1,1.3771592549409704,1.4152895881899141
0,2.7684014512829282,-1.3812612500862387
0,1.057971012721553,-0.8591681136488987
1,-0.3986178281720436,1.4382635333732128
1,-0.16541926430562892,1.1325729660890063
1,-1.2996730739244209,1.0606730661791821
1,-0.11949282618684798,-0.5374818262750871
1,-0.2860823934490204,0.5124566254063585
1,1.9465988078176855,1.1872179526150664
0,-2.784693084371357,-1.4593107459037231
1,-0.9022460515211126,1.0337606408835494
0,-1.518935567440049,0.08579440758449008
1,-0.6795699949288725,1.7293305520687556
0,2.7143842210263216,-1.7944416037921807
0,0.18426221894551142,-1.2186201599048312
1,-1.4922397404698924,0.5441362146507278
0,2.245459655497834,-1.6396437177475276
1,2.3309381402675404,1.5792053846247556
0,-2.8966836357433907,-1.7984774336786935
0,-2.3491323585479567,0.5729829693148578
1,-0.6138775343097578,-0.14478875953409664
0,2.8180384338591784,-1.2293427367911312
1,-0.2131651997015922,-0.8999261725628092
1,-1.0445790068841452,1.4251882528927333
0,-0.5055873917214604,-1.0078703627258871
0,2.6403333685877124,-0.8023929161278955
1,-1.0809328508526344,-0.10965085698588295
1,-0.3867828748166744,1.2319194375460416
0,-1.3446849515617276,-1.1089955158294993
1,-2.49427708070379,1.2749560613742656
0,-1.4192297417195614,-1.8841720784514981
1,2.7950990318747966,1.7517515173898355
1,-0.46563007097316067,0.38343124189455
0,2.6399412559063107,-1.18187777377109
1,-2.7891330448908276,1.8108353949450753
0,2.4110802063211914,-1.8345275934655234
0,1.3965232319152214,-1.4089170351489342
0,1.3931295012552969,-1.039427654653974
1,-1.7205303652642587,1.5126249204937245
1,0.25085125653858853,1.8670596948337996
1,-1.3888466634787087,0.8739827312259396
1,1.8631395801949342,1.9035150950881712
1,0.10012670403657697,-0.025634367349308906
1,-1.4688945910349902,1.2442404674465553
1,1.7048956921380167,0.6342588958070019
1,-0.20718691080203389,1.229063786910595
1,0.9316001998465371,1.7442813010567915
1,-0.3009010613512104,1.3450007617446582
1,2.196132652174991,1.807819795983777
1,0.2332936705363471,1.8590938451614556
1,1.9232130077780756,0.5646476659136734
0,-1.425291918295861,-1.7557875766162785
1,-0.6570095677621843,-0.47860982559395104
1,1.5942215385095473,1.4860492265540368
1,1.2084541346304043,0.39690126757463995
0,2.6594697606919793,0.11110232163063838
0,-1.4264554445345623,-1.9885661683195535
0,1.8796913740888535,-1.9118701058996272
0,2.7558726709578503,-0.5730081560779245
1,-1.4059504613009668,0.8767562457295042
0,2.8817023655561655,0.29029619876912527
0,2.5496408179633336,-1.7975599951177097
1,-1.6523299362667774,1.9040508905154456
1,0.07252312624150115,0.8810518377306558
1,-0.22330615317443137,1.7750584956488233
1,1.1940638357787927,0.26210286190625265
1,-1.8204228005115968,1.5309047234920556
0,1.6914457981887194,-1.6337446953164405
1,1.7735856483950387,1.2853265169678068
0,-2.6626057990616046,-0.3169823668025309
0,-2.8858433298146826,-1.5067953819192215
0,-2.149560961671054,-0.04399247752758484
1,-0.6468705846534464,-0.5910601226884857
1,-1.2336750947748472,0.14965075401183547
0,-2.956671959686677,0.7395412067718055
1,-1.738159547424489,1.9547307641485303
0,-2.8888791503565416,-1.7391121251690214
0,-1.9927368836342665,-0.8655393422565738
1,-0.0024261238832288257,0.8929772364768831
1,-1.475302355360839,0.2744857955834976
0,-1.1310202173781743,-0.5723234142226632
0,-2.871358605956164,-0.6597784371312736
1,-0.21906702263302957,-0.39476958380430593
1,0.41549332002826755,1.0008591839488616
0,-2.6871681620757335,0.8404407804959071
1,2.81723876103199,1.699984512572664
0,2.0063619258594283,-0.8421608615930904
0,0.7960592926406322,-1.685081768805301
0,-2.854183221612815,-0.6572633396194054
1,-1.7866522799212265,1.7779558518226222
0,-1.1906384621293695,-1.835624293691294
0,-1.7526024521338621,-0.37573047421387873
1,-2.1351877636176084,1.2936930381613099
0,-2.239952461884742,0.4579486246094113
1,-0.34506279947115814,0.2737600987538982
0,2.786942769372187,-0.6016819261002997
0,-1.5587679293847414,-1.077614584006723
1,-0.50188120643134,-0.3455983854464799
1,0.7336783261463058,1.0331244859185524
0,2.0363218601144055,-1.4474051284173122
1,0.7553657490065184,1.496291353908879
0,-2.575316629837965,0.47605356126841514
0,-0.13963663597716058,-1.3404195571776985
1,1.9372337784522493,1.1304957196791277
0,-2.2092721603001593,-0.06329643411100383
0,2.2053530744952665,-0.5278734572581145
1,1.5289344701452112,1.3664451164939457
0,2.4636533326080112,-1.8216361862785573
1,-1.4501737924609825,0.1009949468731306
1,2.4207024924570284,1.693505070804774
0,1.3772882204650312,-1.9329782615750815
1,1.7891774282934811,0.9369032073313286
1,-1.836732704919241,0.6621590170567546
0,2.6229422627280394,-1.7756953365268875
1,1.2544832424041479,0.154759747359817
1,-1.558431859906721,-0.04237153391580595
1,-2.2040004515825586,0.6029050813533359
0,2.9984019692758173,-0.9951842182800146
0,-0.30600935078686176,-1.7963835397406722
1,-0.07479800542211956,1.5891722750404154
1,2.7824680227295477,1.3687241182229126
1,0.05031698397255413,-0.16350158890969313
1,-1.4144747800694089,1.6865899908061932
0,-0.06438836519181912,-1.498413829868316
1,2.694911289107565,1.7091334893708647
1,0.5035681242065491,1.1392406280791807
1,-0.7965945896506152,0.10778582057726815
1,-0.7741177038991882,-0.13705835245691844
1,0.38511073111673255,0.6427658917456944
1,1.826755088795725,1.238942051574436
0,-2.731385272185798,-0.7941710578705496
1,0.1826899807607978,1.3796978750012658
1,-1.3975720164115042,1.5496745758478236
0,0.48647923962723905,-1.603004655020337
1,1.207480632851369,1.0539269508748648
0,2.392776443908107,-0.8695495884420135
1,1.0946335975587838,0.7115400365576785
0,1.883606031524054,-1.3657770010795054
1,0.26779457014244556,-0.04504666077040209
1,-0.07461191325892358,0.6156943449275767
1,-0.25532554174957456,1.159314577756195
0,2.251484350399844,-1.7941614117093985
1,0.9494988695966597,0.09355907946427422
0,-2.4578992290851804,-1.2888393206286612
1,-1.0572337966827818,0.4431409615842439
1,-2.8419017271457614,1.4761488927527036
1,-1.646270309458595,0.6186301254876265
0,-1.5568614564032035,-0.5334128226673163
0,-0.36235157791778816,-1.3434230788273487
1,-1.2745558738015543,0.9362963429665485
0,-1.4611021206803176,-0.7408578117452738
0,-1.5005495792666848,-0.07009888449821666
1,-0.8255594116999312,1.166588477076489
1,-0.2011059705120415,1.2338028300010184
0,-2.685543868605886,-1.5452459329242187
0,-1.9101647093310357,-0.40424954473391495
0,-1.5804901317316127,-1.8518594811165694
0,-0.06541994863939404,-1.723409666773572
0,-2.0556999079942897,-0.8533347664253137
0,0.5329638895632547,-1.069736133542572
0,-2.273703367469049,-1.1197110794406595
0,1.6806682657451608,-1.7523658131973368
1,-1.053570303533115,1.5464295030853226
0,-2.3851011658579333,-0.6677719252941543
1,0.38456897473360696,-0.343513596141122
1,0.8165758328223842,-0.6761342088585427
0,-1.4321062799516788,-0.9087398115670537
1,-0.33138294843052307,0.730729328169228
1,1.169660799842422,0.08161754100093566
0,2.3090573383301294,0.5343579371979925
1,-2.1648922552958627,0.6926979036778702
0,-1.794731580316933,-1.4800491996303013
1,-0.334412398940942,1.7983777144572701
1,1.8714191031048104,1.9600124812796285
1,-1.48352604013669,0.402359076521591
0,-1.8814443514746295,-1.1572989225409769
1,1.3779608457620753,0.10369002649001491
1,-2.8817767442351547,1.0890986782867862
0,-2.2234710077883815,0.32913144440948905
0,2.936274269669749,-0.4705246509155616
0,-2.949228248024074,-1.0940209880541532
0,-2.4446129837773842,-0.8499305740385843
1,-2.4273778612304566,1.3323037102632695
0,-0.9105023024022625,-1.1340558597031807
0,-2.811056263445281,-1.6505830146235736
0,0.6403943004736679,-1.9343176108996682
0,-0.6177144967258843,-1.1259424401466807
1,-0.26055232371209236,1.5377758483848973
1,-0.6794266970133647,1.1795837055448741
0,2.329717295976053,-1.3108937688464937
1,1.1063813541822087,0.31593248368178983
1,0.46488310881134565,0.2639826061312811
1,0.904436930949271,-0.6068272217772197
0,-2.3612928612917212,-1.1059616069180298
1,1.9495972547450968,0.6652212134622442
0,-2.9075243012483525,-1.5815443563632505
0,-0.8278827903660595,-1.8048913073162622
1,-0.7571910592286768,-0.11404168162468364
0,1.4488444124771664,-1.263376169184844
1,-1.3123073616264784,1.018519887134421
0,1.5156801073644424,-0.37275631821702326
1,2.4612584057994304,1.1146329731546927
0,0.8229564242908323,-1.0330754062195542
0,2.551659210051744,0.16036699644948182
1,0.905103631456587,0.46243980622007586
0,2.455583253215913,0.1726761224709903
0,2.9311024585504546,-1.4433837424842535
0,1.9840545163846146,-1.2097930094659555
1,-0.7835542871514809,1.349615872274704
1,-0.9337502964019402,-0.3504364574469774
1,-0.43055957420175517,0.4913281084176644
1,-2.248273704127806,0.7576013647179285
0,-1.7206068631743352,-1.9816486245278973
1,-2.502694077515582,1.0972695769222298
1,0.6867688840074391,-0.5570309494685
1,1.1140443255426717,0.5888802751605855
1,-1.084792103511947,1.902546902193452
1,1.4956495001021999,1.2272711104396685
0,-1.9293649144196383,-0.8332981553566041
1,1.391892459713997,1.6050886902199295
1,-2.9218605554345176,1.9346443962855524
0,0.22082148776685706,-1.5120494806842557
1,-2.8971900022146104,1.762221871499515
1,-1.245813488792928,-0.06775580109712509
0,-1.6223322631007335,-0.9562642254220668
1,-0.054866761607504255,-1.0015259286293805
0,-2.757911643128108,-0.13811159041830967
1,0.3246356569790194,0.905777198731847
0,0.27656674315208907,-1.3285369833241556
0,2.9910716490212366,-1.901599495282157
0,-0.4342174092531912,-1.8854857534506952
1,-0.6103909234753568,0.7747743302321464
0,1.5359183749750907,-0.6739816019479914
1,-0.7815833926526157,0.017641860837088963
0,1.5610735677462548,-1.8200942137768
0,1.1272177957164242,-1.1754249627185929
1,-0.16059670958881345,0.9446753529307483
0,-2.4065692671673493,0.4421314108700809
0,-0.9748457260079673,-1.9393548249599788
0,2.893287611643614,0.9144541904817336
1,-0.1512850035449942,-0.17642600901259042
0,-2.3391485067438413,-1.739601527689366
0,1.0950948128098306,-0.5904240419144169
0,1.3836710044430207,-0.7188111324360347
0,0.6169685849869451,-1.3314271363346313
0,-1.3958004392563141,-1.7208099544479105
1,-1.679753392960511,0.031455404923486974
1,-1.688215089586802,1.8969021022124308
1,0.40503110577983836,0.1818461684848085
1,-1.2319570580044095,1.9211338839097012
0,-0.42042744960768186,-1.7584878214972273
0,0.715293537236231,-1.271909571536379
0,-2.029865250369589,0.26729441377800534
0,2.358045060298517,-1.78384769841866
0,2.3742671881817934,-1.4129672418167059
1,1.089903796492191,0.31933661153218695
0,-0.7819436760019487,-1.8161999052168447
1,1.864457965702493,1.4323425015845515
0,2.3843481327065073,-0.8327429038733758
1,0.21416229213060678,0.19336199837163326
1,-0.6179975370182293,-0.16094343535827083
1,0.9023742754723285,1.8531467873961058
1,1.0354265931886237,0.35110711800720784
0,-1.833424708928224,-1.3513491065328478
0,1.8574177210435394,-0.5711778559472722
1,2.9079908366744034,1.6615099390351653
1,-1.4890118160125276,0.12199998779507171
1,0.014024080888820123,-1.0712712252996597
1,-1.0334251631081666,1.2031127462932485
1,2.503065976020915,1.972390168127324
1,0.4413137155275946,0.8910493234960888
1,-0.06531309988038547,1.3280753800119474
0,-2.13943213340782,-1.7396488713795328
1,1.1403808700120255,0.3801960526246506
0,-2.167573680481001,0.48161981984688085
1,-0.2804178826939241,-0.8460288981625159
0,-1.3136052898292971,-0.8706965455849609
0,-0.37521872964223846,-1.0301899420210443
0,2.818907890523935,-0.7553529743492606
1,0.5108896564948209,0.43964406732085726
0,1.9608230668312752,0.1433469456208094
0,2.448939410004918,-0.10204632408049097
0,2.3718006516924754,-0.5060901191967355
1,0.851718490466367,-0.5078519539094244
0,-0.3024046548585284,-1.5219401411674336
0,2.4352413513654207,-1.024489116923025
1,-0.2222573047811185,1.1146041545017025
0,2.770255999313955,-0.3387309195764807
0,-1.3721991944717347,-0.33818424860733565
1,-1.1489873503611616,1.7316821486705711
0,1.2352038807746553,-1.810078537799431
0,-1.9543798871777915,0.09330435044752905
1,-1.1478206537849631,1.7174385546465145
0,-1.4477174106957882,-1.5248676907160434
0,2.9477431561388485,0.8211361039746503
1,-2.0709048816148448,1.377806163974527
0,0.4613426621631853,-1.5005604827309535
1,-1.4373141775792115,0.561483368170506
0,1.4650363289233432,-1.104133798417299
1,-0.00871780897757235,0.6618632732631538
1,-2.8222144969097043,1.043348432638945
1,0.9887359417826787,-0.4267791517906465
0,0.421628085579822,-0.9264430117515055
0,0.23503821002980363,-1.0823615260150787
1,-1.3549051419255373,0.7834306898712082
0,-2.9184283888054474,0.9584877410640185
1,-1.5861767613877973,1.204168470168606
0,2.5377799900734743,-1.585483393509326
0,-0.040545434061693086,-1.1550020242320684
0,-1.2947522507292426,-0.5897386029235947
0,2.0546482559839943,-0.9859407669954852
1,1.3702454259269992,1.4810855314416576
1,1.0511250714111204,-0.015388973889228996
1,0.5968770261148642,-0.44240045802461037
0,1.6919152527031232,-1.8738449653368696
0,-2.092583253378421,-1.5727587765706375
0,-2.1681057940915363,-1.3329030639369592
0,2.9702740514673724,0.1876368743871244
1,-2.5472941870525636,1.1178415832746045
0,-2.8512203867451404,-1.6235407957567531
0,2.461699910652931,-1.036427158423019
0,1.1449726738771444,-1.8680743401821833
1,-0.8036639837447819,-0.6617287376759604
1,-0.532379988931218,1.4287878273248653
0,-2.786808224895408,-1.347682304214194
1,1.4930917565586697,1.791276747704467
1,0.3842000500432112,1.138189404310121
0,1.5905070086736766,-0.9293494324563878
0,2.0171933079157602,-0.5943880358172691
0,1.4085818983892882,-1.2545633344615643
0,-0.246334509973134,-1.6546581681055423
1,1.858246533160739,1.3823267024500017
0,2.512729381377371,0.5923522233405754
0,-2.5525075435596962,0.738274924039446
0,1.9274893604715428,-1.6835307757571747
0,-0.703396175770199,-1.8874035085299168
0,2.5396866206471564,0.4387490669925911
1,2.0570643267751674,0.8965587811618021
0,2.1236558587095695,-0.6308425974123772
0,-0.2111161033472353,-1.7334342493735448
1,2.043434969605272,1.0878700867486084
0,-1.427772231263661,-0.4342599520279151
1,-0.39768094226478956,1.2646874321168697
1,0.6052241022667966,-0.7380378077383982
0,-2.4905758082709344,0.6477939950314635
1,-2.781205179230315,1.0530437340157683
1,-0.22307784950453158,1.1004392688019378
0,2.3132625316153863,0.19158520500393506
1,2.0308023654332077,1.1624941110743308
1,-0.5809380107815647,-0.5356421502833082
0,-0.6960171786359823,-1.2200874134101127
